$ 0 0.000005 10.20027730826997 50 5 50 5e-11
207 -48 -64 -128 -64 4 x0
207 -48 -32 -128 -32 4 y0
. my_NAND_1 1 6 2 3 A 1 0 2 B 4 1 2 O 2 0 3 MosfetElm\s1\s2\s3\rRailElm\s3\rMosfetElm\s4\s2\s3\rMosfetElm\s1\s5\s2\rMosfetElm\s4\s0\s5 33\\s1.5\\s0.02\s0\\s0\\s40\\s5\\s0\\s0\\s0.5\s33\\s1.5\\s0.02\s32\\s1.5\\s0.02\s32\\s1.5\\s0.02
. 半加器 1 3 2 4 a 1 0 2 b 2 1 2 c 6 1 3 s 21 0 3 CustomCompositeElm\s1\s2\s3\rCustomCompositeElm\s3\s3\s6\rCustomCompositeElm\s2\s2\s9\rCustomCompositeElm\s1\s9\s12\rCustomCompositeElm\s1\s1\s15\rCustomCompositeElm\s2\s15\s18\rCustomCompositeElm\s18\s12\s21 1\\smy_NAND_1\\s33\\\\s1.5\\\\s0.02\\s0\\\\s0\\\\s40\\\\s5\\\\s0\\\\s0\\\\s0.5\\s33\\\\s1.5\\\\s0.02\\s32\\\\s1.5\\\\s0.02\\s32\\\\s1.5\\\\s0.02\s1\\smy_NAND_1\\s33\\\\s1.5\\\\s0.02\\s0\\\\s0\\\\s40\\\\s5\\\\s0\\\\s0\\\\s0.5\\s33\\\\s1.5\\\\s0.02\\s32\\\\s1.5\\\\s0.02\\s32\\\\s1.5\\\\s0.02\s1\\smy_NAND_1\\s33\\\\s1.5\\\\s0.02\\s0\\\\s0\\\\s40\\\\s5\\\\s0\\\\s0\\\\s0.5\\s33\\\\s1.5\\\\s0.02\\s32\\\\s1.5\\\\s0.02\\s32\\\\s1.5\\\\s0.02\s1\\smy_NAND_1\\s33\\\\s1.5\\\\s0.02\\s0\\\\s0\\\\s40\\\\s5\\\\s0\\\\s0\\\\s0.5\\s33\\\\s1.5\\\\s0.02\\s32\\\\s1.5\\\\s0.02\\s32\\\\s1.5\\\\s0.02\s1\\smy_NAND_1\\s33\\\\s1.5\\\\s0.02\\s0\\\\s0\\\\s40\\\\s5\\\\s0\\\\s0\\\\s0.5\\s33\\\\s1.5\\\\s0.02\\s32\\\\s1.5\\\\s0.02\\s32\\\\s1.5\\\\s0.02\s1\\smy_NAND_1\\s33\\\\s1.5\\\\s0.02\\s0\\\\s0\\\\s40\\\\s5\\\\s0\\\\s0\\\\s0.5\\s33\\\\s1.5\\\\s0.02\\s32\\\\s1.5\\\\s0.02\\s32\\\\s1.5\\\\s0.02\s1\\smy_NAND_1\\s33\\\\s1.5\\\\s0.02\\s0\\\\s0\\\\s40\\\\s5\\\\s0\\\\s0\\\\s0.5\\s33\\\\s1.5\\\\s0.02\\s32\\\\s1.5\\\\s0.02\\s32\\\\s1.5\\\\s0.02
410 48 32 112 80 1 半加器 1\smy_NAND_1\s33\\s1.5\\s0.02\s0\\s0\\s40\\s5\\s0\\s0\\s0.5\s33\\s1.5\\s0.02\s32\\s1.5\\s0.02\s32\\s1.5\\s0.02 1\smy_NAND_1\s33\\s1.5\\s0.02\s0\\s0\\s40\\s5\\s0\\s0\\s0.5\s33\\s1.5\\s0.02\s32\\s1.5\\s0.02\s32\\s1.5\\s0.02 1\smy_NAND_1\s33\\s1.5\\s0.02\s0\\s0\\s40\\s5\\s0\\s0\\s0.5\s33\\s1.5\\s0.02\s32\\s1.5\\s0.02\s32\\s1.5\\s0.02 1\smy_NAND_1\s33\\s1.5\\s0.02\s0\\s0\\s40\\s5\\s0\\s0\\s0.5\s33\\s1.5\\s0.02\s32\\s1.5\\s0.02\s32\\s1.5\\s0.02 1\smy_NAND_1\s33\\s1.5\\s0.02\s0\\s0\\s40\\s5\\s0\\s0\\s0.5\s33\\s1.5\\s0.02\s32\\s1.5\\s0.02\s32\\s1.5\\s0.02 1\smy_NAND_1\s33\\s1.5\\s0.02\s0\\s0\\s40\\s5\\s0\\s0\\s0.5\s33\\s1.5\\s0.02\s32\\s1.5\\s0.02\s32\\s1.5\\s0.02 1\smy_NAND_1\s33\\s1.5\\s0.02\s0\\s0\\s40\\s5\\s0\\s0\\s0.5\s33\\s1.5\\s0.02\s32\\s1.5\\s0.02\s32\\s1.5\\s0.02
207 48 -48 112 -48 4 p0
150 -48 -48 48 -48 0 2 0 5
207 -48 16 -128 16 4 x0
207 -48 48 -128 48 4 y1
150 -48 32 48 32 0 2 0 5
207 -48 112 -128 112 4 y0
207 -48 80 -128 80 4 x1
150 -48 96 48 96 0 2 0 5
w 48 96 48 64 0
207 176 32 240 32 4 p1
150 -48 176 48 176 0 2 0 5
207 -48 160 -128 160 4 x2
207 -48 192 -128 192 4 y0
150 -48 240 48 240 0 2 0 5
207 -48 224 -128 224 4 x1
207 -48 256 -128 256 4 y1
. 全加器 1 5 3 5 _a 65 1 2 _b 66 2 2 _c 110 1 3 _s 90 0 3 cin 88 0 2 CustomCompositeElm\s65\s66\s67\s68\rCustomCompositeElm\s88\s68\s89\s90\rOrGateElm\s67\s89\s110 1\\s半加器\\s1\\\\smy_NAND_1\\\\s33\\\\\\\\s1.5\\\\\\\\s0.02\\\\s0\\\\\\\\s0\\\\\\\\s40\\\\\\\\s5\\\\\\\\s0\\\\\\\\s0\\\\\\\\s0.5\\\\s33\\\\\\\\s1.5\\\\\\\\s0.02\\\\s32\\\\\\\\s1.5\\\\\\\\s0.02\\\\s32\\\\\\\\s1.5\\\\\\\\s0.02\\s1\\\\smy_NAND_1\\\\s33\\\\\\\\s1.5\\\\\\\\s0.02\\\\s0\\\\\\\\s0\\\\\\\\s40\\\\\\\\s5\\\\\\\\s0\\\\\\\\s0\\\\\\\\s0.5\\\\s33\\\\\\\\s1.5\\\\\\\\s0.02\\\\s32\\\\\\\\s1.5\\\\\\\\s0.02\\\\s32\\\\\\\\s1.5\\\\\\\\s0.02\\s1\\\\smy_NAND_1\\\\s33\\\\\\\\s1.5\\\\\\\\s0.02\\\\s0\\\\\\\\s0\\\\\\\\s40\\\\\\\\s5\\\\\\\\s0\\\\\\\\s0\\\\\\\\s0.5\\\\s33\\\\\\\\s1.5\\\\\\\\s0.02\\\\s32\\\\\\\\s1.5\\\\\\\\s0.02\\\\s32\\\\\\\\s1.5\\\\\\\\s0.02\\s1\\\\smy_NAND_1\\\\s33\\\\\\\\s1.5\\\\\\\\s0.02\\\\s0\\\\\\\\s0\\\\\\\\s40\\\\\\\\s5\\\\\\\\s0\\\\\\\\s0\\\\\\\\s0.5\\\\s33\\\\\\\\s1.5\\\\\\\\s0.02\\\\s32\\\\\\\\s1.5\\\\\\\\s0.02\\\\s32\\\\\\\\s1.5\\\\\\\\s0.02\\s1\\\\smy_NAND_1\\\\s33\\\\\\\\s1.5\\\\\\\\s0.02\\\\s0\\\\\\\\s0\\\\\\\\s40\\\\\\\\s5\\\\\\\\s0\\\\\\\\s0\\\\\\\\s0.5\\\\s33\\\\\\\\s1.5\\\\\\\\s0.02\\\\s32\\\\\\\\s1.5\\\\\\\\s0.02\\\\s32\\\\\\\\s1.5\\\\\\\\s0.02\\s1\\\\smy_NAND_1\\\\s33\\\\\\\\s1.5\\\\\\\\s0.02\\\\s0\\\\\\\\s0\\\\\\\\s40\\\\\\\\s5\\\\\\\\s0\\\\\\\\s0\\\\\\\\s0.5\\\\s33\\\\\\\\s1.5\\\\\\\\s0.02\\\\s32\\\\\\\\s1.5\\\\\\\\s0.02\\\\s32\\\\\\\\s1.5\\\\\\\\s0.02\\s1\\\\smy_NAND_1\\\\s33\\\\\\\\s1.5\\\\\\\\s0.02\\\\s0\\\\\\\\s0\\\\\\\\s40\\\\\\\\s5\\\\\\\\s0\\\\\\\\s0\\\\\\\\s0.5\\\\s33\\\\\\\\s1.5\\\\\\\\s0.02\\\\s32\\\\\\\\s1.5\\\\\\\\s0.02\\\\s32\\\\\\\\s1.5\\\\\\\\s0.02\s1\\s半加器\\s1\\\\smy_NAND_1\\\\s33\\\\\\\\s1.5\\\\\\\\s0.02\\\\s0\\\\\\\\s0\\\\\\\\s40\\\\\\\\s5\\\\\\\\s0\\\\\\\\s0\\\\\\\\s0.5\\\\s33\\\\\\\\s1.5\\\\\\\\s0.02\\\\s32\\\\\\\\s1.5\\\\\\\\s0.02\\\\s32\\\\\\\\s1.5\\\\\\\\s0.02\\s1\\\\smy_NAND_1\\\\s33\\\\\\\\s1.5\\\\\\\\s0.02\\\\s0\\\\\\\\s0\\\\\\\\s40\\\\\\\\s5\\\\\\\\s0\\\\\\\\s0\\\\\\\\s0.5\\\\s33\\\\\\\\s1.5\\\\\\\\s0.02\\\\s32\\\\\\\\s1.5\\\\\\\\s0.02\\\\s32\\\\\\\\s1.5\\\\\\\\s0.02\\s1\\\\smy_NAND_1\\\\s33\\\\\\\\s1.5\\\\\\\\s0.02\\\\s0\\\\\\\\s0\\\\\\\\s40\\\\\\\\s5\\\\\\\\s0\\\\\\\\s0\\\\\\\\s0.5\\\\s33\\\\\\\\s1.5\\\\\\\\s0.02\\\\s32\\\\\\\\s1.5\\\\\\\\s0.02\\\\s32\\\\\\\\s1.5\\\\\\\\s0.02\\s1\\\\smy_NAND_1\\\\s33\\\\\\\\s1.5\\\\\\\\s0.02\\\\s0\\\\\\\\s0\\\\\\\\s40\\\\\\\\s5\\\\\\\\s0\\\\\\\\s0\\\\\\\\s0.5\\\\s33\\\\\\\\s1.5\\\\\\\\s0.02\\\\s32\\\\\\\\s1.5\\\\\\\\s0.02\\\\s32\\\\\\\\s1.5\\\\\\\\s0.02\\s1\\\\smy_NAND_1\\\\s33\\\\\\\\s1.5\\\\\\\\s0.02\\\\s0\\\\\\\\s0\\\\\\\\s40\\\\\\\\s5\\\\\\\\s0\\\\\\\\s0\\\\\\\\s0.5\\\\s33\\\\\\\\s1.5\\\\\\\\s0.02\\\\s32\\\\\\\\s1.5\\\\\\\\s0.02\\\\s32\\\\\\\\s1.5\\\\\\\\s0.02\\s1\\\\smy_NAND_1\\\\s33\\\\\\\\s1.5\\\\\\\\s0.02\\\\s0\\\\\\\\s0\\\\\\\\s40\\\\\\\\s5\\\\\\\\s0\\\\\\\\s0\\\\\\\\s0.5\\\\s33\\\\\\\\s1.5\\\\\\\\s0.02\\\\s32\\\\\\\\s1.5\\\\\\\\s0.02\\\\s32\\\\\\\\s1.5\\\\\\\\s0.02\\s1\\\\smy_NAND_1\\\\s33\\\\\\\\s1.5\\\\\\\\s0.02\\\\s0\\\\\\\\s0\\\\\\\\s40\\\\\\\\s5\\\\\\\\s0\\\\\\\\s0\\\\\\\\s0.5\\\\s33\\\\\\\\s1.5\\\\\\\\s0.02\\\\s32\\\\\\\\s1.5\\\\\\\\s0.02\\\\s32\\\\\\\\s1.5\\\\\\\\s0.02\s0\\s2\\s5\\s5
410 48 144 128 176 1 全加器 1\s半加器\s1\\smy_NAND_1\\s33\\\\s1.5\\\\s0.02\\s0\\\\s0\\\\s40\\\\s5\\\\s0\\\\s0\\\\s0.5\\s33\\\\s1.5\\\\s0.02\\s32\\\\s1.5\\\\s0.02\\s32\\\\s1.5\\\\s0.02\s1\\smy_NAND_1\\s33\\\\s1.5\\\\s0.02\\s0\\\\s0\\\\s40\\\\s5\\\\s0\\\\s0\\\\s0.5\\s33\\\\s1.5\\\\s0.02\\s32\\\\s1.5\\\\s0.02\\s32\\\\s1.5\\\\s0.02\s1\\smy_NAND_1\\s33\\\\s1.5\\\\s0.02\\s0\\\\s0\\\\s40\\\\s5\\\\s0\\\\s0\\\\s0.5\\s33\\\\s1.5\\\\s0.02\\s32\\\\s1.5\\\\s0.02\\s32\\\\s1.5\\\\s0.02\s1\\smy_NAND_1\\s33\\\\s1.5\\\\s0.02\\s0\\\\s0\\\\s40\\\\s5\\\\s0\\\\s0\\\\s0.5\\s33\\\\s1.5\\\\s0.02\\s32\\\\s1.5\\\\s0.02\\s32\\\\s1.5\\\\s0.02\s1\\smy_NAND_1\\s33\\\\s1.5\\\\s0.02\\s0\\\\s0\\\\s40\\\\s5\\\\s0\\\\s0\\\\s0.5\\s33\\\\s1.5\\\\s0.02\\s32\\\\s1.5\\\\s0.02\\s32\\\\s1.5\\\\s0.02\s1\\smy_NAND_1\\s33\\\\s1.5\\\\s0.02\\s0\\\\s0\\\\s40\\\\s5\\\\s0\\\\s0\\\\s0.5\\s33\\\\s1.5\\\\s0.02\\s32\\\\s1.5\\\\s0.02\\s32\\\\s1.5\\\\s0.02\s1\\smy_NAND_1\\s33\\\\s1.5\\\\s0.02\\s0\\\\s0\\\\s40\\\\s5\\\\s0\\\\s0\\\\s0.5\\s33\\\\s1.5\\\\s0.02\\s32\\\\s1.5\\\\s0.02\\s32\\\\s1.5\\\\s0.02 1\s半加器\s1\\smy_NAND_1\\s33\\\\s1.5\\\\s0.02\\s0\\\\s0\\\\s40\\\\s5\\\\s0\\\\s0\\\\s0.5\\s33\\\\s1.5\\\\s0.02\\s32\\\\s1.5\\\\s0.02\\s32\\\\s1.5\\\\s0.02\s1\\smy_NAND_1\\s33\\\\s1.5\\\\s0.02\\s0\\\\s0\\\\s40\\\\s5\\\\s0\\\\s0\\\\s0.5\\s33\\\\s1.5\\\\s0.02\\s32\\\\s1.5\\\\s0.02\\s32\\\\s1.5\\\\s0.02\s1\\smy_NAND_1\\s33\\\\s1.5\\\\s0.02\\s0\\\\s0\\\\s40\\\\s5\\\\s0\\\\s0\\\\s0.5\\s33\\\\s1.5\\\\s0.02\\s32\\\\s1.5\\\\s0.02\\s32\\\\s1.5\\\\s0.02\s1\\smy_NAND_1\\s33\\\\s1.5\\\\s0.02\\s0\\\\s0\\\\s40\\\\s5\\\\s0\\\\s0\\\\s0.5\\s33\\\\s1.5\\\\s0.02\\s32\\\\s1.5\\\\s0.02\\s32\\\\s1.5\\\\s0.02\s1\\smy_NAND_1\\s33\\\\s1.5\\\\s0.02\\s0\\\\s0\\\\s40\\\\s5\\\\s0\\\\s0\\\\s0.5\\s33\\\\s1.5\\\\s0.02\\s32\\\\s1.5\\\\s0.02\\s32\\\\s1.5\\\\s0.02\s1\\smy_NAND_1\\s33\\\\s1.5\\\\s0.02\\s0\\\\s0\\\\s40\\\\s5\\\\s0\\\\s0\\\\s0.5\\s33\\\\s1.5\\\\s0.02\\s32\\\\s1.5\\\\s0.02\\s32\\\\s1.5\\\\s0.02\s1\\smy_NAND_1\\s33\\\\s1.5\\\\s0.02\\s0\\\\s0\\\\s40\\\\s5\\\\s0\\\\s0\\\\s0.5\\s33\\\\s1.5\\\\s0.02\\s32\\\\s1.5\\\\s0.02\\s32\\\\s1.5\\\\s0.02 0\s2\s0\s5
w 176 64 176 112 0
w 176 112 48 112 0
w 48 112 48 144 0
w 48 240 48 208 0
207 -48 400 -128 400 4 y1
207 -48 368 -128 368 4 x2
150 -48 384 48 384 0 2 0 5
207 -48 336 -128 336 4 y0
207 -48 304 -128 304 4 x3
150 -48 320 48 320 0 2 0 5
410 48 288 128 320 1 全加器 1\s半加器\s1\\smy_NAND_1\\s33\\\\s1.5\\\\s0.02\\s0\\\\s0\\\\s40\\\\s5\\\\s0\\\\s0\\\\s0.5\\s33\\\\s1.5\\\\s0.02\\s32\\\\s1.5\\\\s0.02\\s32\\\\s1.5\\\\s0.02\s1\\smy_NAND_1\\s33\\\\s1.5\\\\s0.02\\s0\\\\s0\\\\s40\\\\s5\\\\s0\\\\s0\\\\s0.5\\s33\\\\s1.5\\\\s0.02\\s32\\\\s1.5\\\\s0.02\\s32\\\\s1.5\\\\s0.02\s1\\smy_NAND_1\\s33\\\\s1.5\\\\s0.02\\s0\\\\s0\\\\s40\\\\s5\\\\s0\\\\s0\\\\s0.5\\s33\\\\s1.5\\\\s0.02\\s32\\\\s1.5\\\\s0.02\\s32\\\\s1.5\\\\s0.02\s1\\smy_NAND_1\\s33\\\\s1.5\\\\s0.02\\s0\\\\s0\\\\s40\\\\s5\\\\s0\\\\s0\\\\s0.5\\s33\\\\s1.5\\\\s0.02\\s32\\\\s1.5\\\\s0.02\\s32\\\\s1.5\\\\s0.02\s1\\smy_NAND_1\\s33\\\\s1.5\\\\s0.02\\s0\\\\s0\\\\s40\\\\s5\\\\s0\\\\s0\\\\s0.5\\s33\\\\s1.5\\\\s0.02\\s32\\\\s1.5\\\\s0.02\\s32\\\\s1.5\\\\s0.02\s1\\smy_NAND_1\\s33\\\\s1.5\\\\s0.02\\s0\\\\s0\\\\s40\\\\s5\\\\s0\\\\s0\\\\s0.5\\s33\\\\s1.5\\\\s0.02\\s32\\\\s1.5\\\\s0.02\\s32\\\\s1.5\\\\s0.02\s1\\smy_NAND_1\\s33\\\\s1.5\\\\s0.02\\s0\\\\s0\\\\s40\\\\s5\\\\s0\\\\s0\\\\s0.5\\s33\\\\s1.5\\\\s0.02\\s32\\\\s1.5\\\\s0.02\\s32\\\\s1.5\\\\s0.02 1\s半加器\s1\\smy_NAND_1\\s33\\\\s1.5\\\\s0.02\\s0\\\\s0\\\\s40\\\\s5\\\\s0\\\\s0\\\\s0.5\\s33\\\\s1.5\\\\s0.02\\s32\\\\s1.5\\\\s0.02\\s32\\\\s1.5\\\\s0.02\s1\\smy_NAND_1\\s33\\\\s1.5\\\\s0.02\\s0\\\\s0\\\\s40\\\\s5\\\\s0\\\\s0\\\\s0.5\\s33\\\\s1.5\\\\s0.02\\s32\\\\s1.5\\\\s0.02\\s32\\\\s1.5\\\\s0.02\s1\\smy_NAND_1\\s33\\\\s1.5\\\\s0.02\\s0\\\\s0\\\\s40\\\\s5\\\\s0\\\\s0\\\\s0.5\\s33\\\\s1.5\\\\s0.02\\s32\\\\s1.5\\\\s0.02\\s32\\\\s1.5\\\\s0.02\s1\\smy_NAND_1\\s33\\\\s1.5\\\\s0.02\\s0\\\\s0\\\\s40\\\\s5\\\\s0\\\\s0\\\\s0.5\\s33\\\\s1.5\\\\s0.02\\s32\\\\s1.5\\\\s0.02\\s32\\\\s1.5\\\\s0.02\s1\\smy_NAND_1\\s33\\\\s1.5\\\\s0.02\\s0\\\\s0\\\\s40\\\\s5\\\\s0\\\\s0\\\\s0.5\\s33\\\\s1.5\\\\s0.02\\s32\\\\s1.5\\\\s0.02\\s32\\\\s1.5\\\\s0.02\s1\\smy_NAND_1\\s33\\\\s1.5\\\\s0.02\\s0\\\\s0\\\\s40\\\\s5\\\\s0\\\\s0\\\\s0.5\\s33\\\\s1.5\\\\s0.02\\s32\\\\s1.5\\\\s0.02\\s32\\\\s1.5\\\\s0.02\s1\\smy_NAND_1\\s33\\\\s1.5\\\\s0.02\\s0\\\\s0\\\\s40\\\\s5\\\\s0\\\\s0\\\\s0.5\\s33\\\\s1.5\\\\s0.02\\s32\\\\s1.5\\\\s0.02\\s32\\\\s1.5\\\\s0.02 0\s2\s0\s5
w 240 176 240 256 0
w 240 256 48 256 0
w 48 256 48 288 0
w 48 384 48 352 0
150 -48 464 48 464 0 2 0 5
207 -48 480 -128 480 4 y1
207 -48 448 -128 448 4 x3
410 48 432 112 480 1 半加器 1\smy_NAND_1\s33\\s1.5\\s0.02\s0\\s0\\s40\\s5\\s0\\s0\\s0.5\s33\\s1.5\\s0.02\s32\\s1.5\\s0.02\s32\\s1.5\\s0.02 1\smy_NAND_1\s33\\s1.5\\s0.02\s0\\s0\\s40\\s5\\s0\\s0\\s0.5\s33\\s1.5\\s0.02\s32\\s1.5\\s0.02\s32\\s1.5\\s0.02 1\smy_NAND_1\s33\\s1.5\\s0.02\s0\\s0\\s40\\s5\\s0\\s0\\s0.5\s33\\s1.5\\s0.02\s32\\s1.5\\s0.02\s32\\s1.5\\s0.02 1\smy_NAND_1\s33\\s1.5\\s0.02\s0\\s0\\s40\\s5\\s0\\s0\\s0.5\s33\\s1.5\\s0.02\s32\\s1.5\\s0.02\s32\\s1.5\\s0.02 1\smy_NAND_1\s33\\s1.5\\s0.02\s0\\s0\\s40\\s5\\s0\\s0\\s0.5\s33\\s1.5\\s0.02\s32\\s1.5\\s0.02\s32\\s1.5\\s0.02 1\smy_NAND_1\s33\\s1.5\\s0.02\s0\\s0\\s40\\s5\\s0\\s0\\s0.5\s33\\s1.5\\s0.02\s32\\s1.5\\s0.02\s32\\s1.5\\s0.02 1\smy_NAND_1\s33\\s1.5\\s0.02\s0\\s0\\s40\\s5\\s0\\s0\\s0.5\s33\\s1.5\\s0.02\s32\\s1.5\\s0.02\s32\\s1.5\\s0.02
w 240 320 240 400 0
w 240 400 48 400 0
w 48 400 48 432 0
150 352 96 448 96 0 2 0 5
207 352 112 272 112 4 y2
207 352 80 272 80 4 x0
410 448 96 448 144 1 半加器 1\smy_NAND_1\s33\\s1.5\\s0.02\s0\\s0\\s40\\s5\\s0\\s0\\s0.5\s33\\s1.5\\s0.02\s32\\s1.5\\s0.02\s32\\s1.5\\s0.02 1\smy_NAND_1\s33\\s1.5\\s0.02\s0\\s0\\s40\\s5\\s0\\s0\\s0.5\s33\\s1.5\\s0.02\s32\\s1.5\\s0.02\s32\\s1.5\\s0.02 1\smy_NAND_1\s33\\s1.5\\s0.02\s0\\s0\\s40\\s5\\s0\\s0\\s0.5\s33\\s1.5\\s0.02\s32\\s1.5\\s0.02\s32\\s1.5\\s0.02 1\smy_NAND_1\s33\\s1.5\\s0.02\s0\\s0\\s40\\s5\\s0\\s0\\s0.5\s33\\s1.5\\s0.02\s32\\s1.5\\s0.02\s32\\s1.5\\s0.02 1\smy_NAND_1\s33\\s1.5\\s0.02\s0\\s0\\s40\\s5\\s0\\s0\\s0.5\s33\\s1.5\\s0.02\s32\\s1.5\\s0.02\s32\\s1.5\\s0.02 1\smy_NAND_1\s33\\s1.5\\s0.02\s0\\s0\\s40\\s5\\s0\\s0\\s0.5\s33\\s1.5\\s0.02\s32\\s1.5\\s0.02\s32\\s1.5\\s0.02 1\smy_NAND_1\s33\\s1.5\\s0.02\s0\\s0\\s40\\s5\\s0\\s0\\s0.5\s33\\s1.5\\s0.02\s32\\s1.5\\s0.02\s32\\s1.5\\s0.02
w 240 144 448 144 0
w 448 144 448 128 0
207 576 96 640 96 4 p2
207 352 208 272 208 4 x0
207 352 240 272 240 4 y2
150 352 224 448 224 0 2 0 5
410 448 192 528 224 1 全加器 1\s半加器\s1\\smy_NAND_1\\s33\\\\s1.5\\\\s0.02\\s0\\\\s0\\\\s40\\\\s5\\\\s0\\\\s0\\\\s0.5\\s33\\\\s1.5\\\\s0.02\\s32\\\\s1.5\\\\s0.02\\s32\\\\s1.5\\\\s0.02\s1\\smy_NAND_1\\s33\\\\s1.5\\\\s0.02\\s0\\\\s0\\\\s40\\\\s5\\\\s0\\\\s0\\\\s0.5\\s33\\\\s1.5\\\\s0.02\\s32\\\\s1.5\\\\s0.02\\s32\\\\s1.5\\\\s0.02\s1\\smy_NAND_1\\s33\\\\s1.5\\\\s0.02\\s0\\\\s0\\\\s40\\\\s5\\\\s0\\\\s0\\\\s0.5\\s33\\\\s1.5\\\\s0.02\\s32\\\\s1.5\\\\s0.02\\s32\\\\s1.5\\\\s0.02\s1\\smy_NAND_1\\s33\\\\s1.5\\\\s0.02\\s0\\\\s0\\\\s40\\\\s5\\\\s0\\\\s0\\\\s0.5\\s33\\\\s1.5\\\\s0.02\\s32\\\\s1.5\\\\s0.02\\s32\\\\s1.5\\\\s0.02\s1\\smy_NAND_1\\s33\\\\s1.5\\\\s0.02\\s0\\\\s0\\\\s40\\\\s5\\\\s0\\\\s0\\\\s0.5\\s33\\\\s1.5\\\\s0.02\\s32\\\\s1.5\\\\s0.02\\s32\\\\s1.5\\\\s0.02\s1\\smy_NAND_1\\s33\\\\s1.5\\\\s0.02\\s0\\\\s0\\\\s40\\\\s5\\\\s0\\\\s0\\\\s0.5\\s33\\\\s1.5\\\\s0.02\\s32\\\\s1.5\\\\s0.02\\s32\\\\s1.5\\\\s0.02\s1\\smy_NAND_1\\s33\\\\s1.5\\\\s0.02\\s0\\\\s0\\\\s40\\\\s5\\\\s0\\\\s0\\\\s0.5\\s33\\\\s1.5\\\\s0.02\\s32\\\\s1.5\\\\s0.02\\s32\\\\s1.5\\\\s0.02 1\s半加器\s1\\smy_NAND_1\\s33\\\\s1.5\\\\s0.02\\s0\\\\s0\\\\s40\\\\s5\\\\s0\\\\s0\\\\s0.5\\s33\\\\s1.5\\\\s0.02\\s32\\\\s1.5\\\\s0.02\\s32\\\\s1.5\\\\s0.02\s1\\smy_NAND_1\\s33\\\\s1.5\\\\s0.02\\s0\\\\s0\\\\s40\\\\s5\\\\s0\\\\s0\\\\s0.5\\s33\\\\s1.5\\\\s0.02\\s32\\\\s1.5\\\\s0.02\\s32\\\\s1.5\\\\s0.02\s1\\smy_NAND_1\\s33\\\\s1.5\\\\s0.02\\s0\\\\s0\\\\s40\\\\s5\\\\s0\\\\s0\\\\s0.5\\s33\\\\s1.5\\\\s0.02\\s32\\\\s1.5\\\\s0.02\\s32\\\\s1.5\\\\s0.02\s1\\smy_NAND_1\\s33\\\\s1.5\\\\s0.02\\s0\\\\s0\\\\s40\\\\s5\\\\s0\\\\s0\\\\s0.5\\s33\\\\s1.5\\\\s0.02\\s32\\\\s1.5\\\\s0.02\\s32\\\\s1.5\\\\s0.02\s1\\smy_NAND_1\\s33\\\\s1.5\\\\s0.02\\s0\\\\s0\\\\s40\\\\s5\\\\s0\\\\s0\\\\s0.5\\s33\\\\s1.5\\\\s0.02\\s32\\\\s1.5\\\\s0.02\\s32\\\\s1.5\\\\s0.02\s1\\smy_NAND_1\\s33\\\\s1.5\\\\s0.02\\s0\\\\s0\\\\s40\\\\s5\\\\s0\\\\s0\\\\s0.5\\s33\\\\s1.5\\\\s0.02\\s32\\\\s1.5\\\\s0.02\\s32\\\\s1.5\\\\s0.02\s1\\smy_NAND_1\\s33\\\\s1.5\\\\s0.02\\s0\\\\s0\\\\s40\\\\s5\\\\s0\\\\s0\\\\s0.5\\s33\\\\s1.5\\\\s0.02\\s32\\\\s1.5\\\\s0.02\\s32\\\\s1.5\\\\s0.02 0\s2\s0\s5
w 576 128 576 160 0
w 448 160 576 160 0
w 448 192 448 160 0
w 240 288 448 288 0
w 448 288 448 256 0
150 352 368 448 368 0 2 0 5
207 352 384 272 384 4 y2
207 352 352 272 352 4 x2
410 448 336 528 368 1 全加器 1\s半加器\s1\\smy_NAND_1\\s33\\\\s1.5\\\\s0.02\\s0\\\\s0\\\\s40\\\\s5\\\\s0\\\\s0\\\\s0.5\\s33\\\\s1.5\\\\s0.02\\s32\\\\s1.5\\\\s0.02\\s32\\\\s1.5\\\\s0.02\s1\\smy_NAND_1\\s33\\\\s1.5\\\\s0.02\\s0\\\\s0\\\\s40\\\\s5\\\\s0\\\\s0\\\\s0.5\\s33\\\\s1.5\\\\s0.02\\s32\\\\s1.5\\\\s0.02\\s32\\\\s1.5\\\\s0.02\s1\\smy_NAND_1\\s33\\\\s1.5\\\\s0.02\\s0\\\\s0\\\\s40\\\\s5\\\\s0\\\\s0\\\\s0.5\\s33\\\\s1.5\\\\s0.02\\s32\\\\s1.5\\\\s0.02\\s32\\\\s1.5\\\\s0.02\s1\\smy_NAND_1\\s33\\\\s1.5\\\\s0.02\\s0\\\\s0\\\\s40\\\\s5\\\\s0\\\\s0\\\\s0.5\\s33\\\\s1.5\\\\s0.02\\s32\\\\s1.5\\\\s0.02\\s32\\\\s1.5\\\\s0.02\s1\\smy_NAND_1\\s33\\\\s1.5\\\\s0.02\\s0\\\\s0\\\\s40\\\\s5\\\\s0\\\\s0\\\\s0.5\\s33\\\\s1.5\\\\s0.02\\s32\\\\s1.5\\\\s0.02\\s32\\\\s1.5\\\\s0.02\s1\\smy_NAND_1\\s33\\\\s1.5\\\\s0.02\\s0\\\\s0\\\\s40\\\\s5\\\\s0\\\\s0\\\\s0.5\\s33\\\\s1.5\\\\s0.02\\s32\\\\s1.5\\\\s0.02\\s32\\\\s1.5\\\\s0.02\s1\\smy_NAND_1\\s33\\\\s1.5\\\\s0.02\\s0\\\\s0\\\\s40\\\\s5\\\\s0\\\\s0\\\\s0.5\\s33\\\\s1.5\\\\s0.02\\s32\\\\s1.5\\\\s0.02\\s32\\\\s1.5\\\\s0.02 1\s半加器\s1\\smy_NAND_1\\s33\\\\s1.5\\\\s0.02\\s0\\\\s0\\\\s40\\\\s5\\\\s0\\\\s0\\\\s0.5\\s33\\\\s1.5\\\\s0.02\\s32\\\\s1.5\\\\s0.02\\s32\\\\s1.5\\\\s0.02\s1\\smy_NAND_1\\s33\\\\s1.5\\\\s0.02\\s0\\\\s0\\\\s40\\\\s5\\\\s0\\\\s0\\\\s0.5\\s33\\\\s1.5\\\\s0.02\\s32\\\\s1.5\\\\s0.02\\s32\\\\s1.5\\\\s0.02\s1\\smy_NAND_1\\s33\\\\s1.5\\\\s0.02\\s0\\\\s0\\\\s40\\\\s5\\\\s0\\\\s0\\\\s0.5\\s33\\\\s1.5\\\\s0.02\\s32\\\\s1.5\\\\s0.02\\s32\\\\s1.5\\\\s0.02\s1\\smy_NAND_1\\s33\\\\s1.5\\\\s0.02\\s0\\\\s0\\\\s40\\\\s5\\\\s0\\\\s0\\\\s0.5\\s33\\\\s1.5\\\\s0.02\\s32\\\\s1.5\\\\s0.02\\s32\\\\s1.5\\\\s0.02\s1\\smy_NAND_1\\s33\\\\s1.5\\\\s0.02\\s0\\\\s0\\\\s40\\\\s5\\\\s0\\\\s0\\\\s0.5\\s33\\\\s1.5\\\\s0.02\\s32\\\\s1.5\\\\s0.02\\s32\\\\s1.5\\\\s0.02\s1\\smy_NAND_1\\s33\\\\s1.5\\\\s0.02\\s0\\\\s0\\\\s40\\\\s5\\\\s0\\\\s0\\\\s0.5\\s33\\\\s1.5\\\\s0.02\\s32\\\\s1.5\\\\s0.02\\s32\\\\s1.5\\\\s0.02\s1\\smy_NAND_1\\s33\\\\s1.5\\\\s0.02\\s0\\\\s0\\\\s40\\\\s5\\\\s0\\\\s0\\\\s0.5\\s33\\\\s1.5\\\\s0.02\\s32\\\\s1.5\\\\s0.02\\s32\\\\s1.5\\\\s0.02 0\s2\s0\s5
w 640 224 640 304 0
w 448 304 640 304 0
w 448 304 448 336 0
w 176 432 448 432 0
w 448 432 448 400 0
207 352 480 272 480 4 x3
207 352 512 272 512 4 y2
150 352 496 448 496 0 2 0 5
410 448 480 528 512 1 全加器 1\s半加器\s1\\smy_NAND_1\\s33\\\\s1.5\\\\s0.02\\s0\\\\s0\\\\s40\\\\s5\\\\s0\\\\s0\\\\s0.5\\s33\\\\s1.5\\\\s0.02\\s32\\\\s1.5\\\\s0.02\\s32\\\\s1.5\\\\s0.02\s1\\smy_NAND_1\\s33\\\\s1.5\\\\s0.02\\s0\\\\s0\\\\s40\\\\s5\\\\s0\\\\s0\\\\s0.5\\s33\\\\s1.5\\\\s0.02\\s32\\\\s1.5\\\\s0.02\\s32\\\\s1.5\\\\s0.02\s1\\smy_NAND_1\\s33\\\\s1.5\\\\s0.02\\s0\\\\s0\\\\s40\\\\s5\\\\s0\\\\s0\\\\s0.5\\s33\\\\s1.5\\\\s0.02\\s32\\\\s1.5\\\\s0.02\\s32\\\\s1.5\\\\s0.02\s1\\smy_NAND_1\\s33\\\\s1.5\\\\s0.02\\s0\\\\s0\\\\s40\\\\s5\\\\s0\\\\s0\\\\s0.5\\s33\\\\s1.5\\\\s0.02\\s32\\\\s1.5\\\\s0.02\\s32\\\\s1.5\\\\s0.02\s1\\smy_NAND_1\\s33\\\\s1.5\\\\s0.02\\s0\\\\s0\\\\s40\\\\s5\\\\s0\\\\s0\\\\s0.5\\s33\\\\s1.5\\\\s0.02\\s32\\\\s1.5\\\\s0.02\\s32\\\\s1.5\\\\s0.02\s1\\smy_NAND_1\\s33\\\\s1.5\\\\s0.02\\s0\\\\s0\\\\s40\\\\s5\\\\s0\\\\s0\\\\s0.5\\s33\\\\s1.5\\\\s0.02\\s32\\\\s1.5\\\\s0.02\\s32\\\\s1.5\\\\s0.02\s1\\smy_NAND_1\\s33\\\\s1.5\\\\s0.02\\s0\\\\s0\\\\s40\\\\s5\\\\s0\\\\s0\\\\s0.5\\s33\\\\s1.5\\\\s0.02\\s32\\\\s1.5\\\\s0.02\\s32\\\\s1.5\\\\s0.02 1\s半加器\s1\\smy_NAND_1\\s33\\\\s1.5\\\\s0.02\\s0\\\\s0\\\\s40\\\\s5\\\\s0\\\\s0\\\\s0.5\\s33\\\\s1.5\\\\s0.02\\s32\\\\s1.5\\\\s0.02\\s32\\\\s1.5\\\\s0.02\s1\\smy_NAND_1\\s33\\\\s1.5\\\\s0.02\\s0\\\\s0\\\\s40\\\\s5\\\\s0\\\\s0\\\\s0.5\\s33\\\\s1.5\\\\s0.02\\s32\\\\s1.5\\\\s0.02\\s32\\\\s1.5\\\\s0.02\s1\\smy_NAND_1\\s33\\\\s1.5\\\\s0.02\\s0\\\\s0\\\\s40\\\\s5\\\\s0\\\\s0\\\\s0.5\\s33\\\\s1.5\\\\s0.02\\s32\\\\s1.5\\\\s0.02\\s32\\\\s1.5\\\\s0.02\s1\\smy_NAND_1\\s33\\\\s1.5\\\\s0.02\\s0\\\\s0\\\\s40\\\\s5\\\\s0\\\\s0\\\\s0.5\\s33\\\\s1.5\\\\s0.02\\s32\\\\s1.5\\\\s0.02\\s32\\\\s1.5\\\\s0.02\s1\\smy_NAND_1\\s33\\\\s1.5\\\\s0.02\\s0\\\\s0\\\\s40\\\\s5\\\\s0\\\\s0\\\\s0.5\\s33\\\\s1.5\\\\s0.02\\s32\\\\s1.5\\\\s0.02\\s32\\\\s1.5\\\\s0.02\s1\\smy_NAND_1\\s33\\\\s1.5\\\\s0.02\\s0\\\\s0\\\\s40\\\\s5\\\\s0\\\\s0\\\\s0.5\\s33\\\\s1.5\\\\s0.02\\s32\\\\s1.5\\\\s0.02\\s32\\\\s1.5\\\\s0.02\s1\\smy_NAND_1\\s33\\\\s1.5\\\\s0.02\\s0\\\\s0\\\\s40\\\\s5\\\\s0\\\\s0\\\\s0.5\\s33\\\\s1.5\\\\s0.02\\s32\\\\s1.5\\\\s0.02\\s32\\\\s1.5\\\\s0.02 0\s2\s0\s5
w 640 368 640 448 0
w 448 448 640 448 0
w 448 448 448 480 0
w 176 464 176 544 0
w 176 544 448 544 0
w 448 496 448 512 0
207 736 112 656 112 4 x0
207 736 144 656 144 4 y3
150 736 128 832 128 0 2 0 5
410 832 128 880 144 1 半加器 1\smy_NAND_1\s33\\s1.5\\s0.02\s0\\s0\\s40\\s5\\s0\\s0\\s0.5\s33\\s1.5\\s0.02\s32\\s1.5\\s0.02\s32\\s1.5\\s0.02 1\smy_NAND_1\s33\\s1.5\\s0.02\s0\\s0\\s40\\s5\\s0\\s0\\s0.5\s33\\s1.5\\s0.02\s32\\s1.5\\s0.02\s32\\s1.5\\s0.02 1\smy_NAND_1\s33\\s1.5\\s0.02\s0\\s0\\s40\\s5\\s0\\s0\\s0.5\s33\\s1.5\\s0.02\s32\\s1.5\\s0.02\s32\\s1.5\\s0.02 1\smy_NAND_1\s33\\s1.5\\s0.02\s0\\s0\\s40\\s5\\s0\\s0\\s0.5\s33\\s1.5\\s0.02\s32\\s1.5\\s0.02\s32\\s1.5\\s0.02 1\smy_NAND_1\s33\\s1.5\\s0.02\s0\\s0\\s40\\s5\\s0\\s0\\s0.5\s33\\s1.5\\s0.02\s32\\s1.5\\s0.02\s32\\s1.5\\s0.02 1\smy_NAND_1\s33\\s1.5\\s0.02\s0\\s0\\s40\\s5\\s0\\s0\\s0.5\s33\\s1.5\\s0.02\s32\\s1.5\\s0.02\s32\\s1.5\\s0.02 1\smy_NAND_1\s33\\s1.5\\s0.02\s0\\s0\\s40\\s5\\s0\\s0\\s0.5\s33\\s1.5\\s0.02\s32\\s1.5\\s0.02\s32\\s1.5\\s0.02
w 640 192 832 192 0
w 832 160 832 192 0
207 960 128 1024 128 4 p3
150 736 272 832 272 0 2 0 5
207 736 288 656 288 4 y3
207 736 256 656 256 4 x1
410 832 240 912 272 1 全加器 1\s半加器\s1\\smy_NAND_1\\s33\\\\s1.5\\\\s0.02\\s0\\\\s0\\\\s40\\\\s5\\\\s0\\\\s0\\\\s0.5\\s33\\\\s1.5\\\\s0.02\\s32\\\\s1.5\\\\s0.02\\s32\\\\s1.5\\\\s0.02\s1\\smy_NAND_1\\s33\\\\s1.5\\\\s0.02\\s0\\\\s0\\\\s40\\\\s5\\\\s0\\\\s0\\\\s0.5\\s33\\\\s1.5\\\\s0.02\\s32\\\\s1.5\\\\s0.02\\s32\\\\s1.5\\\\s0.02\s1\\smy_NAND_1\\s33\\\\s1.5\\\\s0.02\\s0\\\\s0\\\\s40\\\\s5\\\\s0\\\\s0\\\\s0.5\\s33\\\\s1.5\\\\s0.02\\s32\\\\s1.5\\\\s0.02\\s32\\\\s1.5\\\\s0.02\s1\\smy_NAND_1\\s33\\\\s1.5\\\\s0.02\\s0\\\\s0\\\\s40\\\\s5\\\\s0\\\\s0\\\\s0.5\\s33\\\\s1.5\\\\s0.02\\s32\\\\s1.5\\\\s0.02\\s32\\\\s1.5\\\\s0.02\s1\\smy_NAND_1\\s33\\\\s1.5\\\\s0.02\\s0\\\\s0\\\\s40\\\\s5\\\\s0\\\\s0\\\\s0.5\\s33\\\\s1.5\\\\s0.02\\s32\\\\s1.5\\\\s0.02\\s32\\\\s1.5\\\\s0.02\s1\\smy_NAND_1\\s33\\\\s1.5\\\\s0.02\\s0\\\\s0\\\\s40\\\\s5\\\\s0\\\\s0\\\\s0.5\\s33\\\\s1.5\\\\s0.02\\s32\\\\s1.5\\\\s0.02\\s32\\\\s1.5\\\\s0.02\s1\\smy_NAND_1\\s33\\\\s1.5\\\\s0.02\\s0\\\\s0\\\\s40\\\\s5\\\\s0\\\\s0\\\\s0.5\\s33\\\\s1.5\\\\s0.02\\s32\\\\s1.5\\\\s0.02\\s32\\\\s1.5\\\\s0.02 1\s半加器\s1\\smy_NAND_1\\s33\\\\s1.5\\\\s0.02\\s0\\\\s0\\\\s40\\\\s5\\\\s0\\\\s0\\\\s0.5\\s33\\\\s1.5\\\\s0.02\\s32\\\\s1.5\\\\s0.02\\s32\\\\s1.5\\\\s0.02\s1\\smy_NAND_1\\s33\\\\s1.5\\\\s0.02\\s0\\\\s0\\\\s40\\\\s5\\\\s0\\\\s0\\\\s0.5\\s33\\\\s1.5\\\\s0.02\\s32\\\\s1.5\\\\s0.02\\s32\\\\s1.5\\\\s0.02\s1\\smy_NAND_1\\s33\\\\s1.5\\\\s0.02\\s0\\\\s0\\\\s40\\\\s5\\\\s0\\\\s0\\\\s0.5\\s33\\\\s1.5\\\\s0.02\\s32\\\\s1.5\\\\s0.02\\s32\\\\s1.5\\\\s0.02\s1\\smy_NAND_1\\s33\\\\s1.5\\\\s0.02\\s0\\\\s0\\\\s40\\\\s5\\\\s0\\\\s0\\\\s0.5\\s33\\\\s1.5\\\\s0.02\\s32\\\\s1.5\\\\s0.02\\s32\\\\s1.5\\\\s0.02\s1\\smy_NAND_1\\s33\\\\s1.5\\\\s0.02\\s0\\\\s0\\\\s40\\\\s5\\\\s0\\\\s0\\\\s0.5\\s33\\\\s1.5\\\\s0.02\\s32\\\\s1.5\\\\s0.02\\s32\\\\s1.5\\\\s0.02\s1\\smy_NAND_1\\s33\\\\s1.5\\\\s0.02\\s0\\\\s0\\\\s40\\\\s5\\\\s0\\\\s0\\\\s0.5\\s33\\\\s1.5\\\\s0.02\\s32\\\\s1.5\\\\s0.02\\s32\\\\s1.5\\\\s0.02\s1\\smy_NAND_1\\s33\\\\s1.5\\\\s0.02\\s0\\\\s0\\\\s40\\\\s5\\\\s0\\\\s0\\\\s0.5\\s33\\\\s1.5\\\\s0.02\\s32\\\\s1.5\\\\s0.02\\s32\\\\s1.5\\\\s0.02 0\s2\s0\s5
w 960 160 960 208 0
w 832 208 960 208 0
w 832 208 832 240 0
w 640 336 832 336 0
w 832 304 832 336 0
207 736 400 656 400 4 x2
207 736 432 656 432 4 y3
150 736 416 832 416 0 2 0 5
410 832 384 912 416 1 全加器 1\s半加器\s1\\smy_NAND_1\\s33\\\\s1.5\\\\s0.02\\s0\\\\s0\\\\s40\\\\s5\\\\s0\\\\s0\\\\s0.5\\s33\\\\s1.5\\\\s0.02\\s32\\\\s1.5\\\\s0.02\\s32\\\\s1.5\\\\s0.02\s1\\smy_NAND_1\\s33\\\\s1.5\\\\s0.02\\s0\\\\s0\\\\s40\\\\s5\\\\s0\\\\s0\\\\s0.5\\s33\\\\s1.5\\\\s0.02\\s32\\\\s1.5\\\\s0.02\\s32\\\\s1.5\\\\s0.02\s1\\smy_NAND_1\\s33\\\\s1.5\\\\s0.02\\s0\\\\s0\\\\s40\\\\s5\\\\s0\\\\s0\\\\s0.5\\s33\\\\s1.5\\\\s0.02\\s32\\\\s1.5\\\\s0.02\\s32\\\\s1.5\\\\s0.02\s1\\smy_NAND_1\\s33\\\\s1.5\\\\s0.02\\s0\\\\s0\\\\s40\\\\s5\\\\s0\\\\s0\\\\s0.5\\s33\\\\s1.5\\\\s0.02\\s32\\\\s1.5\\\\s0.02\\s32\\\\s1.5\\\\s0.02\s1\\smy_NAND_1\\s33\\\\s1.5\\\\s0.02\\s0\\\\s0\\\\s40\\\\s5\\\\s0\\\\s0\\\\s0.5\\s33\\\\s1.5\\\\s0.02\\s32\\\\s1.5\\\\s0.02\\s32\\\\s1.5\\\\s0.02\s1\\smy_NAND_1\\s33\\\\s1.5\\\\s0.02\\s0\\\\s0\\\\s40\\\\s5\\\\s0\\\\s0\\\\s0.5\\s33\\\\s1.5\\\\s0.02\\s32\\\\s1.5\\\\s0.02\\s32\\\\s1.5\\\\s0.02\s1\\smy_NAND_1\\s33\\\\s1.5\\\\s0.02\\s0\\\\s0\\\\s40\\\\s5\\\\s0\\\\s0\\\\s0.5\\s33\\\\s1.5\\\\s0.02\\s32\\\\s1.5\\\\s0.02\\s32\\\\s1.5\\\\s0.02 1\s半加器\s1\\smy_NAND_1\\s33\\\\s1.5\\\\s0.02\\s0\\\\s0\\\\s40\\\\s5\\\\s0\\\\s0\\\\s0.5\\s33\\\\s1.5\\\\s0.02\\s32\\\\s1.5\\\\s0.02\\s32\\\\s1.5\\\\s0.02\s1\\smy_NAND_1\\s33\\\\s1.5\\\\s0.02\\s0\\\\s0\\\\s40\\\\s5\\\\s0\\\\s0\\\\s0.5\\s33\\\\s1.5\\\\s0.02\\s32\\\\s1.5\\\\s0.02\\s32\\\\s1.5\\\\s0.02\s1\\smy_NAND_1\\s33\\\\s1.5\\\\s0.02\\s0\\\\s0\\\\s40\\\\s5\\\\s0\\\\s0\\\\s0.5\\s33\\\\s1.5\\\\s0.02\\s32\\\\s1.5\\\\s0.02\\s32\\\\s1.5\\\\s0.02\s1\\smy_NAND_1\\s33\\\\s1.5\\\\s0.02\\s0\\\\s0\\\\s40\\\\s5\\\\s0\\\\s0\\\\s0.5\\s33\\\\s1.5\\\\s0.02\\s32\\\\s1.5\\\\s0.02\\s32\\\\s1.5\\\\s0.02\s1\\smy_NAND_1\\s33\\\\s1.5\\\\s0.02\\s0\\\\s0\\\\s40\\\\s5\\\\s0\\\\s0\\\\s0.5\\s33\\\\s1.5\\\\s0.02\\s32\\\\s1.5\\\\s0.02\\s32\\\\s1.5\\\\s0.02\s1\\smy_NAND_1\\s33\\\\s1.5\\\\s0.02\\s0\\\\s0\\\\s40\\\\s5\\\\s0\\\\s0\\\\s0.5\\s33\\\\s1.5\\\\s0.02\\s32\\\\s1.5\\\\s0.02\\s32\\\\s1.5\\\\s0.02\s1\\smy_NAND_1\\s33\\\\s1.5\\\\s0.02\\s0\\\\s0\\\\s40\\\\s5\\\\s0\\\\s0\\\\s0.5\\s33\\\\s1.5\\\\s0.02\\s32\\\\s1.5\\\\s0.02\\s32\\\\s1.5\\\\s0.02 0\s2\s0\s5
w 1024 272 1024 352 0
w 832 352 832 384 0
w 832 352 1024 352 0
w 640 480 832 480 0
w 832 448 832 480 0
150 736 544 832 544 0 2 0 5
207 736 560 656 560 4 y3
207 736 528 656 528 4 x3
410 832 528 912 560 1 全加器 1\s半加器\s1\\smy_NAND_1\\s33\\\\s1.5\\\\s0.02\\s0\\\\s0\\\\s40\\\\s5\\\\s0\\\\s0\\\\s0.5\\s33\\\\s1.5\\\\s0.02\\s32\\\\s1.5\\\\s0.02\\s32\\\\s1.5\\\\s0.02\s1\\smy_NAND_1\\s33\\\\s1.5\\\\s0.02\\s0\\\\s0\\\\s40\\\\s5\\\\s0\\\\s0\\\\s0.5\\s33\\\\s1.5\\\\s0.02\\s32\\\\s1.5\\\\s0.02\\s32\\\\s1.5\\\\s0.02\s1\\smy_NAND_1\\s33\\\\s1.5\\\\s0.02\\s0\\\\s0\\\\s40\\\\s5\\\\s0\\\\s0\\\\s0.5\\s33\\\\s1.5\\\\s0.02\\s32\\\\s1.5\\\\s0.02\\s32\\\\s1.5\\\\s0.02\s1\\smy_NAND_1\\s33\\\\s1.5\\\\s0.02\\s0\\\\s0\\\\s40\\\\s5\\\\s0\\\\s0\\\\s0.5\\s33\\\\s1.5\\\\s0.02\\s32\\\\s1.5\\\\s0.02\\s32\\\\s1.5\\\\s0.02\s1\\smy_NAND_1\\s33\\\\s1.5\\\\s0.02\\s0\\\\s0\\\\s40\\\\s5\\\\s0\\\\s0\\\\s0.5\\s33\\\\s1.5\\\\s0.02\\s32\\\\s1.5\\\\s0.02\\s32\\\\s1.5\\\\s0.02\s1\\smy_NAND_1\\s33\\\\s1.5\\\\s0.02\\s0\\\\s0\\\\s40\\\\s5\\\\s0\\\\s0\\\\s0.5\\s33\\\\s1.5\\\\s0.02\\s32\\\\s1.5\\\\s0.02\\s32\\\\s1.5\\\\s0.02\s1\\smy_NAND_1\\s33\\\\s1.5\\\\s0.02\\s0\\\\s0\\\\s40\\\\s5\\\\s0\\\\s0\\\\s0.5\\s33\\\\s1.5\\\\s0.02\\s32\\\\s1.5\\\\s0.02\\s32\\\\s1.5\\\\s0.02 1\s半加器\s1\\smy_NAND_1\\s33\\\\s1.5\\\\s0.02\\s0\\\\s0\\\\s40\\\\s5\\\\s0\\\\s0\\\\s0.5\\s33\\\\s1.5\\\\s0.02\\s32\\\\s1.5\\\\s0.02\\s32\\\\s1.5\\\\s0.02\s1\\smy_NAND_1\\s33\\\\s1.5\\\\s0.02\\s0\\\\s0\\\\s40\\\\s5\\\\s0\\\\s0\\\\s0.5\\s33\\\\s1.5\\\\s0.02\\s32\\\\s1.5\\\\s0.02\\s32\\\\s1.5\\\\s0.02\s1\\smy_NAND_1\\s33\\\\s1.5\\\\s0.02\\s0\\\\s0\\\\s40\\\\s5\\\\s0\\\\s0\\\\s0.5\\s33\\\\s1.5\\\\s0.02\\s32\\\\s1.5\\\\s0.02\\s32\\\\s1.5\\\\s0.02\s1\\smy_NAND_1\\s33\\\\s1.5\\\\s0.02\\s0\\\\s0\\\\s40\\\\s5\\\\s0\\\\s0\\\\s0.5\\s33\\\\s1.5\\\\s0.02\\s32\\\\s1.5\\\\s0.02\\s32\\\\s1.5\\\\s0.02\s1\\smy_NAND_1\\s33\\\\s1.5\\\\s0.02\\s0\\\\s0\\\\s40\\\\s5\\\\s0\\\\s0\\\\s0.5\\s33\\\\s1.5\\\\s0.02\\s32\\\\s1.5\\\\s0.02\\s32\\\\s1.5\\\\s0.02\s1\\smy_NAND_1\\s33\\\\s1.5\\\\s0.02\\s0\\\\s0\\\\s40\\\\s5\\\\s0\\\\s0\\\\s0.5\\s33\\\\s1.5\\\\s0.02\\s32\\\\s1.5\\\\s0.02\\s32\\\\s1.5\\\\s0.02\s1\\smy_NAND_1\\s33\\\\s1.5\\\\s0.02\\s0\\\\s0\\\\s40\\\\s5\\\\s0\\\\s0\\\\s0.5\\s33\\\\s1.5\\\\s0.02\\s32\\\\s1.5\\\\s0.02\\s32\\\\s1.5\\\\s0.02 0\s2\s0\s5
w 1024 416 1024 496 0
w 832 496 1024 496 0
w 832 496 832 528 0
w 640 512 640 592 0
w 640 592 832 592 0
w 832 544 832 560 0
207 1024 240 1088 240 4 p4
207 1024 384 1088 384 4 p5
207 1024 528 1088 528 4 p6
207 1024 560 1088 560 4 p7
