$ 0 0.000005 2.3728258192205156 50 5 50 5e-11
207 352 352 464 352 4 O
207 272 368 192 368 4 B
207 256 336 192 336 4 A
w 352 320 352 352 0
g 352 496 352 544 0 0
w 416 288 416 320 0
w 352 320 416 320 0
w 352 352 352 384 0
w 320 320 352 320 0
w 320 288 320 320 0
w 352 464 352 416 0
f 272 480 352 480 32 1.5 0.02
f 256 400 352 400 32 1.5 0.02
w 272 368 272 480 0
w 272 368 272 304 0
w 272 304 352 304 0
w 352 272 352 304 0
w 416 224 416 256 0
f 352 272 416 272 33 1.5 0.02
w 352 224 416 224 0
R 352 224 352 176 0 0 40 5 0 0 0.5
w 320 224 352 224 0
w 320 256 320 224 0
w 256 336 256 400 0
w 256 272 256 336 0
f 256 272 320 272 33 1.5 0.02
. my_NAND_1 1 6 2 3 A 1 0 2 B 4 1 2 O 2 0 3 MosfetElm\s1\s2\s3\rRailElm\s3\rMosfetElm\s4\s2\s3\rMosfetElm\s1\s5\s2\rMosfetElm\s4\s0\s5 33\\s1.5\\s0.02\s0\\s0\\s40\\s5\\s0\\s0\\s0.5\s33\\s1.5\\s0.02\s32\\s1.5\\s0.02\s32\\s1.5\\s0.02
410 224 656 448 768 1 my_NAND_1 33\s1.5\s0.02 0\s0\s40\s5\s0\s0\s0.5 33\s1.5\s0.02 32\s1.5\s0.02 32\s1.5\s0.02
R 224 688 112 688 0 2 250 5 0 0 0.5
R 224 656 160 656 0 2 500 5 0 0 0.5
. my_NAND_2 1 6 2 3 A 1 0 2 B 4 1 2 O 2 0 3 MosfetElm\s4\s0\s6\rMosfetElm\s1\s6\s2\rMosfetElm\s4\s2\s7\rRailElm\s7\rMosfetElm\s1\s2\s7\rCapacitorElm\s2\s0 32\\s1.5\\s0.02\s32\\s1.5\\s0.02\s33\\s1.5\\s0.02\s0\\s0\\s40\\s5\\s0\\s0\\s0.5\s33\\s1.5\\s0.02\s4\\s0.000002\\s4.999998596957038\\s0.001\\s0
410 720 656 848 720 1 my_NAND_2 32\s1.5\s0.02 32\s1.5\s0.02 33\s1.5\s0.02 0\s0\s40\s5\s0\s0\s0.5 33\s1.5\s0.02 4\s0.000002\s4.999998785539751\s0.001\s0
R 720 656 656 656 0 2 500 5 0 0 0.5
R 720 688 608 688 0 2 250 5 0 0 0.5
f 576 272 640 272 33 1.5 0.02
w 576 272 576 336 0
w 576 336 576 400 0
w 640 256 640 224 0
w 640 224 672 224 0
R 672 224 672 176 0 0 40 5 0 0 0.5
w 672 224 736 224 0
f 672 272 736 272 33 1.5 0.02
w 736 224 736 256 0
w 672 272 672 304 0
w 592 304 672 304 0
w 592 368 592 304 0
w 592 368 592 480 0
f 576 400 672 400 32 1.5 0.02
f 592 480 672 480 32 1.5 0.02
w 672 464 672 416 0
w 640 288 640 320 0
w 640 320 672 320 0
w 672 352 672 384 0
w 672 320 736 320 0
w 736 288 736 320 0
g 672 496 672 544 0 0
w 672 320 672 352 0
207 576 336 512 336 4 A
207 592 368 512 368 4 B
207 768 352 880 352 4 O
w 672 352 768 352 0
c 768 352 768 416 4 0.000002 4.999998596957039 0.001 0
g 768 416 768 544 0 0
O 448 656 512 656 0 0
O 944 656 1008 656 0 0
403 320 784 544 880 0 28_4_0_4098_5_0.1_-1_1
403 320 896 544 992 0 27_4_0_4098_5_0.1_-1_1
x 244 803 310 806 4 22 输入沿
x 244 914 310 917 4 22 输入沿
403 608 784 864 880 0 61_4_0_4098_5_0.1_-1_1
403 608 896 864 992 0 62_1_0_4098_5_0.1_-1_1
x 606 761 726 764 4 24 理想输出沿
x 609 1030 753 1033 4 24 非理想输出沿
