$ 3 0.000005 382.76258214399064 50 5 50 5e-11
207 2624 -368 2552 -368 4 Z4
207 2624 -336 2552 -336 4 Z5
207 2624 -304 2552 -304 4 Z6
207 2624 -272 2552 -272 4 Z7
207 2624 -400 2552 -400 4 Z3
207 2624 -432 2552 -432 4 Z2
207 2624 -464 2552 -464 4 Z1
207 2624 -496 2552 -496 4 Z0
419 2624 -496 2712 -496 2048 8
R 2384 320 2288 320 0 2 80 5 0 3.141592653589793 0.5
R 2384 288 2288 288 0 2 40 5 0 3.141592653589793 0.5
R 2384 256 2288 256 0 2 20 5 0 3.141592653589793 0.5
R 2384 224 2288 224 0 2 10 5 0 3.141592653589793 0.5
w 2576 256 2576 88 0
w 2560 288 2560 56 0
w 2544 320 2544 24 0
w 2528 352 2528 -8 0
w 2528 352 2480 352 0
w 2480 320 2544 320 0
w 2560 288 2480 288 0
w 2576 256 2480 256 0
w 2496 192 2480 192 0
w 2496 168 2496 192 0
w 2304 168 2496 168 0
w 2304 192 2304 168 0
L 2304 192 2240 192 0 0 false 5 0
I 2304 192 2384 192 0 0.5 5
413 2384 192 2416 192 0 5 4 0 14 10 9 8 4 14 5 9 2 5 5 7 1 11 0 14 6 7 13 2 0 7 10 6 5 2 9 3 12 10 12 15 -1 -2
207 2528 -24 2528 -104 4 Y0
207 2544 -24 2544 -104 4 Y1
207 2560 -24 2560 -104 4 Y2
207 2576 -24 2576 -104 4 Y3
419 2728 -8 2816 -8 2048 4
w 2728 88 2576 88 0
w 2728 56 2560 56 0
w 2728 24 2544 24 0
w 2728 -8 2528 -8 0
w 2528 -24 2528 -8 0
w 2544 -24 2544 24 0
w 2560 -24 2560 56 0
w 2576 -24 2576 88 0
w 1952 -24 1952 88 0
w 1936 -24 1936 56 0
w 1920 -24 1920 24 0
w 1904 -24 1904 -8 0
w 2104 -8 1904 -8 0
w 2104 24 1920 24 0
w 2104 56 1936 56 0
w 2104 88 1952 88 0
419 2104 -8 2192 -8 2048 4
207 1952 -24 1952 -104 4 X3
207 1936 -24 1936 -104 4 X2
207 1920 -24 1920 -104 4 X1
207 1904 -24 1904 -104 4 X0
413 1760 192 1920 192 0 5 4 0 10 2 1 12 4 11 9 11 9 14 10 5 3 10 1 1 7 8 8 9 14 7 10 13 0 15 6 8 5 3 9 15 -1 -2
I 1680 192 1760 192 0 0.5 5
L 1680 192 1616 192 0 0 false 5 0
w 1680 192 1680 168 0
w 1680 168 1872 168 0
w 1872 168 1872 192 0
w 1872 192 1856 192 0
w 1952 256 1856 256 0
w 1936 288 1856 288 0
w 1856 320 1920 320 0
w 1904 352 1856 352 0
w 1904 352 1904 -8 0
w 1920 320 1920 24 0
w 1936 288 1936 56 0
w 1952 256 1952 88 0
R 1760 224 1664 224 0 2 10 5 0 3.141592653589793 0.5
R 1760 256 1664 256 0 2 20 5 0 3.141592653589793 0.5
R 1760 288 1664 288 0 2 40 5 0 3.141592653589793 0.5
R 1760 320 1664 320 0 2 80 5 0 3.141592653589793 0.5
w 3232 -40 3232 72 0
w 3216 -40 3216 40 0
w 3200 -40 3200 8 0
w 3184 -40 3184 -24 0
w 3384 -24 3184 -24 0
w 3384 8 3200 8 0
w 3384 40 3216 40 0
w 3384 72 3232 72 0
419 3384 -24 3472 -24 2048 8
207 3232 -40 3232 -120 4 Z3'
207 3216 -40 3216 -120 4 Z2'
207 3200 -40 3200 -120 4 Z1'
207 3184 -40 3184 -120 4 Z0'
413 3040 208 3072 208 0 5 8 0 140 20 9 96 16 154 45 99 18 70 50 35 3 110 0 14 42 56 104 18 0 49 100 78 0 30 54 24 60 30 108 225 -1 -2
I 2960 208 3040 208 0 0.5 5
L 2960 208 2896 208 0 0 false 5 0
w 2960 208 2960 184 0
w 2960 184 3152 184 0
w 3152 184 3152 208 0
w 3152 208 3136 208 0
w 3232 368 3136 368 0
w 3216 400 3136 400 0
w 3136 432 3200 432 0
w 3184 464 3136 464 0
w 3184 464 3184 -24 0
w 3200 432 3200 8 0
w 3216 400 3216 40 0
w 3232 368 3232 72 0
R 3040 336 2944 336 0 2 10 5 0 3.141592653589793 0.5
R 3040 368 2944 368 0 2 20 5 0 3.141592653589793 0.5
R 3040 400 2944 400 0 2 40 5 0 3.141592653589793 0.5
R 3040 432 2944 432 0 2 80 5 0 3.141592653589793 0.5
207 3248 -40 3248 -120 4 Z4'
207 3264 -40 3264 -120 4 Z5'
207 3280 -40 3280 -120 4 Z6'
207 3296 -40 3296 -120 4 Z7'
w 3136 336 3248 336 0
w 3248 336 3248 104 0
w 3264 136 3264 304 0
w 3264 304 3136 304 0
w 3136 272 3280 272 0
w 3280 272 3280 168 0
w 3296 200 3296 240 0
w 3136 240 3296 240 0
w 3296 200 3384 200 0
w 3280 168 3384 168 0
w 3384 136 3264 136 0
w 3384 104 3248 104 0
w 3248 104 3248 -40 0
w 3264 -40 3264 136 0
w 3280 -40 3280 168 0
w 3296 -40 3296 200 0
b 1588 -174 2859 520 0
b 2877 -177 3617 521 0
b 1591 -620 2855 -197 0
x 3506 -506 3539 -503 4 16 A\qB
M 3496 -488 3560 -488 0 2.5
I 3352 -488 3416 -488 0 0.5 5
152 3144 -504 3224 -504 1 2 0 5
w 3144 -472 3144 -496 0
w 3032 -464 3088 -464 0
w 3032 -480 3088 -480 0
154 3088 -472 3144 -472 1 2 0 5
w 3032 -504 3088 -504 0
w 3032 -520 3088 -520 0
154 3088 -512 3144 -512 1 2 0 5
207 3032 -520 2960 -520 4 Z0
207 3032 -480 2960 -480 4 Z1
207 3032 -440 2960 -440 4 Z2
207 3032 -400 2960 -400 4 Z3
207 3032 -240 2960 -240 4 Z7
207 3032 -280 2960 -280 4 Z6
207 3032 -320 2960 -320 4 Z5
207 3032 -360 2960 -360 4 Z4
154 3088 -432 3144 -432 1 2 5 5
w 3032 -440 3088 -440 0
w 3032 -424 3088 -424 0
154 3088 -392 3144 -392 1 2 0 5
w 3032 -400 3088 -400 0
w 3032 -384 3088 -384 0
w 3144 -392 3144 -416 0
152 3144 -424 3224 -424 1 2 5 5
152 3144 -264 3224 -264 1 2 5 5
w 3144 -232 3144 -256 0
w 3032 -224 3088 -224 0
w 3032 -240 3088 -240 0
154 3088 -232 3144 -232 1 2 5 5
w 3032 -264 3088 -264 0
w 3032 -280 3088 -280 0
154 3088 -272 3144 -272 1 2 0 5
154 3088 -352 3144 -352 1 2 5 5
w 3032 -360 3088 -360 0
w 3032 -344 3088 -344 0
154 3088 -312 3144 -312 1 2 5 5
w 3032 -320 3088 -320 0
w 3032 -304 3088 -304 0
w 3144 -312 3144 -336 0
152 3144 -344 3224 -344 1 2 5 5
152 3272 -488 3352 -488 1 4 5 5
w 3272 -472 3272 -264 0
w 3272 -480 3256 -480 0
w 3256 -480 3256 -344 0
w 3272 -496 3240 -496 0
w 3240 -496 3240 -424 0
w 3272 -504 3224 -504 0
w 3240 -424 3224 -424 0
w 3256 -344 3224 -344 0
w 3272 -264 3224 -264 0
207 3032 -344 2960 -344 4 Z4'
207 3032 -304 2960 -304 4 Z5'
207 3032 -264 2960 -264 4 Z6'
207 3032 -224 2960 -224 4 Z7'
207 3032 -384 2960 -384 4 Z3'
207 3032 -424 2960 -424 4 Z2'
207 3032 -464 2960 -464 4 Z1'
207 3032 -504 2960 -504 4 Z0'
b 2877 -621 3613 -198 0
R 1760 352 1664 352 0 2 160 5 0 3.141592653589793 0.5
R 2384 352 2288 352 0 2 160 5 0 3.141592653589793 0.5
R 3040 464 2944 464 0 2 160 5 0 3.141592653589793 0.5
x 1615 -574 1934 -571 4 24 4-bit\sMultiplier\sto\sbe\stested
x 1614 487 1866 490 4 24 Input\sof\sthe\smultiplier
x 3128 -574 3586 -571 4 24 Compare\soutput\swith\sthe\sgolden\smodel
x 3345 491 3593 494 4 24 Golden\smodel\soutput
155 3448 -488 3480 -488 1 5
R 3448 -472 3448 -392 0 2 320 5 0 3.141592653589793 0.5
w 3416 -488 3448 -488 0
. my_NAND_1 1 6 2 3 A 1 0 2 B 4 1 2 O 2 0 3 MosfetElm\s1\s2\s3\rRailElm\s3\rMosfetElm\s4\s2\s3\rMosfetElm\s1\s5\s2\rMosfetElm\s4\s0\s5 33\\s1.5\\s0.02\s0\\s0\\s40\\s5\\s0\\s0\\s0.5\s33\\s1.5\\s0.02\s32\\s1.5\\s0.02\s32\\s1.5\\s0.02
. 半加器 1 3 2 4 a 1 0 2 b 2 1 2 c 6 1 3 s 21 0 3 CustomCompositeElm\s1\s2\s3\rCustomCompositeElm\s3\s3\s6\rCustomCompositeElm\s2\s2\s9\rCustomCompositeElm\s1\s9\s12\rCustomCompositeElm\s1\s1\s15\rCustomCompositeElm\s2\s15\s18\rCustomCompositeElm\s18\s12\s21 1\\smy_NAND_1\\s33\\\\s1.5\\\\s0.02\\s0\\\\s0\\\\s40\\\\s5\\\\s0\\\\s0\\\\s0.5\\s33\\\\s1.5\\\\s0.02\\s32\\\\s1.5\\\\s0.02\\s32\\\\s1.5\\\\s0.02\s1\\smy_NAND_1\\s33\\\\s1.5\\\\s0.02\\s0\\\\s0\\\\s40\\\\s5\\\\s0\\\\s0\\\\s0.5\\s33\\\\s1.5\\\\s0.02\\s32\\\\s1.5\\\\s0.02\\s32\\\\s1.5\\\\s0.02\s1\\smy_NAND_1\\s33\\\\s1.5\\\\s0.02\\s0\\\\s0\\\\s40\\\\s5\\\\s0\\\\s0\\\\s0.5\\s33\\\\s1.5\\\\s0.02\\s32\\\\s1.5\\\\s0.02\\s32\\\\s1.5\\\\s0.02\s1\\smy_NAND_1\\s33\\\\s1.5\\\\s0.02\\s0\\\\s0\\\\s40\\\\s5\\\\s0\\\\s0\\\\s0.5\\s33\\\\s1.5\\\\s0.02\\s32\\\\s1.5\\\\s0.02\\s32\\\\s1.5\\\\s0.02\s1\\smy_NAND_1\\s33\\\\s1.5\\\\s0.02\\s0\\\\s0\\\\s40\\\\s5\\\\s0\\\\s0\\\\s0.5\\s33\\\\s1.5\\\\s0.02\\s32\\\\s1.5\\\\s0.02\\s32\\\\s1.5\\\\s0.02\s1\\smy_NAND_1\\s33\\\\s1.5\\\\s0.02\\s0\\\\s0\\\\s40\\\\s5\\\\s0\\\\s0\\\\s0.5\\s33\\\\s1.5\\\\s0.02\\s32\\\\s1.5\\\\s0.02\\s32\\\\s1.5\\\\s0.02\s1\\smy_NAND_1\\s33\\\\s1.5\\\\s0.02\\s0\\\\s0\\\\s40\\\\s5\\\\s0\\\\s0\\\\s0.5\\s33\\\\s1.5\\\\s0.02\\s32\\\\s1.5\\\\s0.02\\s32\\\\s1.5\\\\s0.02
. 全加器 1 5 3 5 _a 65 1 2 _b 66 2 2 _c 110 1 3 _s 90 0 3 cin 88 0 2 CustomCompositeElm\s65\s66\s67\s68\rCustomCompositeElm\s88\s68\s89\s90\rOrGateElm\s67\s89\s110 1\\s半加器\\s1\\\\smy_NAND_1\\\\s33\\\\\\\\s1.5\\\\\\\\s0.02\\\\s0\\\\\\\\s0\\\\\\\\s40\\\\\\\\s5\\\\\\\\s0\\\\\\\\s0\\\\\\\\s0.5\\\\s33\\\\\\\\s1.5\\\\\\\\s0.02\\\\s32\\\\\\\\s1.5\\\\\\\\s0.02\\\\s32\\\\\\\\s1.5\\\\\\\\s0.02\\s1\\\\smy_NAND_1\\\\s33\\\\\\\\s1.5\\\\\\\\s0.02\\\\s0\\\\\\\\s0\\\\\\\\s40\\\\\\\\s5\\\\\\\\s0\\\\\\\\s0\\\\\\\\s0.5\\\\s33\\\\\\\\s1.5\\\\\\\\s0.02\\\\s32\\\\\\\\s1.5\\\\\\\\s0.02\\\\s32\\\\\\\\s1.5\\\\\\\\s0.02\\s1\\\\smy_NAND_1\\\\s33\\\\\\\\s1.5\\\\\\\\s0.02\\\\s0\\\\\\\\s0\\\\\\\\s40\\\\\\\\s5\\\\\\\\s0\\\\\\\\s0\\\\\\\\s0.5\\\\s33\\\\\\\\s1.5\\\\\\\\s0.02\\\\s32\\\\\\\\s1.5\\\\\\\\s0.02\\\\s32\\\\\\\\s1.5\\\\\\\\s0.02\\s1\\\\smy_NAND_1\\\\s33\\\\\\\\s1.5\\\\\\\\s0.02\\\\s0\\\\\\\\s0\\\\\\\\s40\\\\\\\\s5\\\\\\\\s0\\\\\\\\s0\\\\\\\\s0.5\\\\s33\\\\\\\\s1.5\\\\\\\\s0.02\\\\s32\\\\\\\\s1.5\\\\\\\\s0.02\\\\s32\\\\\\\\s1.5\\\\\\\\s0.02\\s1\\\\smy_NAND_1\\\\s33\\\\\\\\s1.5\\\\\\\\s0.02\\\\s0\\\\\\\\s0\\\\\\\\s40\\\\\\\\s5\\\\\\\\s0\\\\\\\\s0\\\\\\\\s0.5\\\\s33\\\\\\\\s1.5\\\\\\\\s0.02\\\\s32\\\\\\\\s1.5\\\\\\\\s0.02\\\\s32\\\\\\\\s1.5\\\\\\\\s0.02\\s1\\\\smy_NAND_1\\\\s33\\\\\\\\s1.5\\\\\\\\s0.02\\\\s0\\\\\\\\s0\\\\\\\\s40\\\\\\\\s5\\\\\\\\s0\\\\\\\\s0\\\\\\\\s0.5\\\\s33\\\\\\\\s1.5\\\\\\\\s0.02\\\\s32\\\\\\\\s1.5\\\\\\\\s0.02\\\\s32\\\\\\\\s1.5\\\\\\\\s0.02\\s1\\\\smy_NAND_1\\\\s33\\\\\\\\s1.5\\\\\\\\s0.02\\\\s0\\\\\\\\s0\\\\\\\\s40\\\\\\\\s5\\\\\\\\s0\\\\\\\\s0\\\\\\\\s0.5\\\\s33\\\\\\\\s1.5\\\\\\\\s0.02\\\\s32\\\\\\\\s1.5\\\\\\\\s0.02\\\\s32\\\\\\\\s1.5\\\\\\\\s0.02\s1\\s半加器\\s1\\\\smy_NAND_1\\\\s33\\\\\\\\s1.5\\\\\\\\s0.02\\\\s0\\\\\\\\s0\\\\\\\\s40\\\\\\\\s5\\\\\\\\s0\\\\\\\\s0\\\\\\\\s0.5\\\\s33\\\\\\\\s1.5\\\\\\\\s0.02\\\\s32\\\\\\\\s1.5\\\\\\\\s0.02\\\\s32\\\\\\\\s1.5\\\\\\\\s0.02\\s1\\\\smy_NAND_1\\\\s33\\\\\\\\s1.5\\\\\\\\s0.02\\\\s0\\\\\\\\s0\\\\\\\\s40\\\\\\\\s5\\\\\\\\s0\\\\\\\\s0\\\\\\\\s0.5\\\\s33\\\\\\\\s1.5\\\\\\\\s0.02\\\\s32\\\\\\\\s1.5\\\\\\\\s0.02\\\\s32\\\\\\\\s1.5\\\\\\\\s0.02\\s1\\\\smy_NAND_1\\\\s33\\\\\\\\s1.5\\\\\\\\s0.02\\\\s0\\\\\\\\s0\\\\\\\\s40\\\\\\\\s5\\\\\\\\s0\\\\\\\\s0\\\\\\\\s0.5\\\\s33\\\\\\\\s1.5\\\\\\\\s0.02\\\\s32\\\\\\\\s1.5\\\\\\\\s0.02\\\\s32\\\\\\\\s1.5\\\\\\\\s0.02\\s1\\\\smy_NAND_1\\\\s33\\\\\\\\s1.5\\\\\\\\s0.02\\\\s0\\\\\\\\s0\\\\\\\\s40\\\\\\\\s5\\\\\\\\s0\\\\\\\\s0\\\\\\\\s0.5\\\\s33\\\\\\\\s1.5\\\\\\\\s0.02\\\\s32\\\\\\\\s1.5\\\\\\\\s0.02\\\\s32\\\\\\\\s1.5\\\\\\\\s0.02\\s1\\\\smy_NAND_1\\\\s33\\\\\\\\s1.5\\\\\\\\s0.02\\\\s0\\\\\\\\s0\\\\\\\\s40\\\\\\\\s5\\\\\\\\s0\\\\\\\\s0\\\\\\\\s0.5\\\\s33\\\\\\\\s1.5\\\\\\\\s0.02\\\\s32\\\\\\\\s1.5\\\\\\\\s0.02\\\\s32\\\\\\\\s1.5\\\\\\\\s0.02\\s1\\\\smy_NAND_1\\\\s33\\\\\\\\s1.5\\\\\\\\s0.02\\\\s0\\\\\\\\s0\\\\\\\\s40\\\\\\\\s5\\\\\\\\s0\\\\\\\\s0\\\\\\\\s0.5\\\\s33\\\\\\\\s1.5\\\\\\\\s0.02\\\\s32\\\\\\\\s1.5\\\\\\\\s0.02\\\\s32\\\\\\\\s1.5\\\\\\\\s0.02\\s1\\\\smy_NAND_1\\\\s33\\\\\\\\s1.5\\\\\\\\s0.02\\\\s0\\\\\\\\s0\\\\\\\\s40\\\\\\\\s5\\\\\\\\s0\\\\\\\\s0\\\\\\\\s0.5\\\\s33\\\\\\\\s1.5\\\\\\\\s0.02\\\\s32\\\\\\\\s1.5\\\\\\\\s0.02\\\\s32\\\\\\\\s1.5\\\\\\\\s0.02\s0\\s2\\s5\\s5
. 乘法器 1 4 8 16 p0 26 7 3 p1 6 6 3 p2 146 5 3 p3 301 4 3 p4 323 3 3 p5 367 2 3 p6 411 1 3 p7 410 0 3 x0 1 3 2 x1 28 2 2 x2 29 1 2 x3 76 0 2 y0 2 7 2 y1 27 6 2 y2 143 5 2 y3 298 4 2 CustomCompositeElm\s3\s4\s5\s6\rAndGateElm\s2\s1\s26\rAndGateElm\s27\s1\s3\rAndGateElm\s2\s28\s4\rAndGateElm\s2\s29\s30\rAndGateElm\s27\s28\s31\rCustomCompositeElm\s30\s31\s32\s33\s5\rAndGateElm\s27\s29\s75\rAndGateElm\s2\s76\s77\rCustomCompositeElm\s77\s75\s78\s79\s32\rAndGateElm\s27\s76\s121\rCustomCompositeElm\s78\s121\s122\s123\rAndGateElm\s143\s1\s144\rCustomCompositeElm\s144\s33\s145\s146\rAndGateElm\s143\s1\s166\rCustomCompositeElm\s166\s79\s167\s168\s145\rAndGateElm\s143\s29\s210\rCustomCompositeElm\s210\s123\s211\s212\s167\rAndGateElm\s143\s29\s254\rCustomCompositeElm\s254\s122\s255\s256\s211\rAndGateElm\s298\s1\s299\rCustomCompositeElm\s299\s168\s300\s301\rAndGateElm\s298\s28\s321\rCustomCompositeElm\s321\s212\s322\s323\s300\rAndGateElm\s298\s29\s365\rCustomCompositeElm\s365\s256\s366\s367\s322\rAndGateElm\s298\s76\s409\rCustomCompositeElm\s409\s255\s410\s411\s366 1\\s半加器\\s1\\\\smy_NAND_1\\\\s33\\\\\\\\s1.5\\\\\\\\s0.02\\\\s0\\\\\\\\s0\\\\\\\\s40\\\\\\\\s5\\\\\\\\s0\\\\\\\\s0\\\\\\\\s0.5\\\\s33\\\\\\\\s1.5\\\\\\\\s0.02\\\\s32\\\\\\\\s1.5\\\\\\\\s0.02\\\\s32\\\\\\\\s1.5\\\\\\\\s0.02\\s1\\\\smy_NAND_1\\\\s33\\\\\\\\s1.5\\\\\\\\s0.02\\\\s0\\\\\\\\s0\\\\\\\\s40\\\\\\\\s5\\\\\\\\s0\\\\\\\\s0\\\\\\\\s0.5\\\\s33\\\\\\\\s1.5\\\\\\\\s0.02\\\\s32\\\\\\\\s1.5\\\\\\\\s0.02\\\\s32\\\\\\\\s1.5\\\\\\\\s0.02\\s1\\\\smy_NAND_1\\\\s33\\\\\\\\s1.5\\\\\\\\s0.02\\\\s0\\\\\\\\s0\\\\\\\\s40\\\\\\\\s5\\\\\\\\s0\\\\\\\\s0\\\\\\\\s0.5\\\\s33\\\\\\\\s1.5\\\\\\\\s0.02\\\\s32\\\\\\\\s1.5\\\\\\\\s0.02\\\\s32\\\\\\\\s1.5\\\\\\\\s0.02\\s1\\\\smy_NAND_1\\\\s33\\\\\\\\s1.5\\\\\\\\s0.02\\\\s0\\\\\\\\s0\\\\\\\\s40\\\\\\\\s5\\\\\\\\s0\\\\\\\\s0\\\\\\\\s0.5\\\\s33\\\\\\\\s1.5\\\\\\\\s0.02\\\\s32\\\\\\\\s1.5\\\\\\\\s0.02\\\\s32\\\\\\\\s1.5\\\\\\\\s0.02\\s1\\\\smy_NAND_1\\\\s33\\\\\\\\s1.5\\\\\\\\s0.02\\\\s0\\\\\\\\s0\\\\\\\\s40\\\\\\\\s5\\\\\\\\s0\\\\\\\\s0\\\\\\\\s0.5\\\\s33\\\\\\\\s1.5\\\\\\\\s0.02\\\\s32\\\\\\\\s1.5\\\\\\\\s0.02\\\\s32\\\\\\\\s1.5\\\\\\\\s0.02\\s1\\\\smy_NAND_1\\\\s33\\\\\\\\s1.5\\\\\\\\s0.02\\\\s0\\\\\\\\s0\\\\\\\\s40\\\\\\\\s5\\\\\\\\s0\\\\\\\\s0\\\\\\\\s0.5\\\\s33\\\\\\\\s1.5\\\\\\\\s0.02\\\\s32\\\\\\\\s1.5\\\\\\\\s0.02\\\\s32\\\\\\\\s1.5\\\\\\\\s0.02\\s1\\\\smy_NAND_1\\\\s33\\\\\\\\s1.5\\\\\\\\s0.02\\\\s0\\\\\\\\s0\\\\\\\\s40\\\\\\\\s5\\\\\\\\s0\\\\\\\\s0\\\\\\\\s0.5\\\\s33\\\\\\\\s1.5\\\\\\\\s0.02\\\\s32\\\\\\\\s1.5\\\\\\\\s0.02\\\\s32\\\\\\\\s1.5\\\\\\\\s0.02\s0\\s2\\s0\\s5\s0\\s2\\s0\\s5\s0\\s2\\s0\\s5\s0\\s2\\s0\\s5\s0\\s2\\s0\\s5\s1\\s全加器\\s1\\\\s半加器\\\\s1\\\\\\\\smy_NAND_1\\\\\\\\s33\\\\\\\\\\\\\\\\s1.5\\\\\\\\\\\\\\\\s0.02\\\\\\\\s0\\\\\\\\\\\\\\\\s0\\\\\\\\\\\\\\\\s40\\\\\\\\\\\\\\\\s5\\\\\\\\\\\\\\\\s0\\\\\\\\\\\\\\\\s0\\\\\\\\\\\\\\\\s0.5\\\\\\\\s33\\\\\\\\\\\\\\\\s1.5\\\\\\\\\\\\\\\\s0.02\\\\\\\\s32\\\\\\\\\\\\\\\\s1.5\\\\\\\\\\\\\\\\s0.02\\\\\\\\s32\\\\\\\\\\\\\\\\s1.5\\\\\\\\\\\\\\\\s0.02\\\\s1\\\\\\\\smy_NAND_1\\\\\\\\s33\\\\\\\\\\\\\\\\s1.5\\\\\\\\\\\\\\\\s0.02\\\\\\\\s0\\\\\\\\\\\\\\\\s0\\\\\\\\\\\\\\\\s40\\\\\\\\\\\\\\\\s5\\\\\\\\\\\\\\\\s0\\\\\\\\\\\\\\\\s0\\\\\\\\\\\\\\\\s0.5\\\\\\\\s33\\\\\\\\\\\\\\\\s1.5\\\\\\\\\\\\\\\\s0.02\\\\\\\\s32\\\\\\\\\\\\\\\\s1.5\\\\\\\\\\\\\\\\s0.02\\\\\\\\s32\\\\\\\\\\\\\\\\s1.5\\\\\\\\\\\\\\\\s0.02\\\\s1\\\\\\\\smy_NAND_1\\\\\\\\s33\\\\\\\\\\\\\\\\s1.5\\\\\\\\\\\\\\\\s0.02\\\\\\\\s0\\\\\\\\\\\\\\\\s0\\\\\\\\\\\\\\\\s40\\\\\\\\\\\\\\\\s5\\\\\\\\\\\\\\\\s0\\\\\\\\\\\\\\\\s0\\\\\\\\\\\\\\\\s0.5\\\\\\\\s33\\\\\\\\\\\\\\\\s1.5\\\\\\\\\\\\\\\\s0.02\\\\\\\\s32\\\\\\\\\\\\\\\\s1.5\\\\\\\\\\\\\\\\s0.02\\\\\\\\s32\\\\\\\\\\\\\\\\s1.5\\\\\\\\\\\\\\\\s0.02\\\\s1\\\\\\\\smy_NAND_1\\\\\\\\s33\\\\\\\\\\\\\\\\s1.5\\\\\\\\\\\\\\\\s0.02\\\\\\\\s0\\\\\\\\\\\\\\\\s0\\\\\\\\\\\\\\\\s40\\\\\\\\\\\\\\\\s5\\\\\\\\\\\\\\\\s0\\\\\\\\\\\\\\\\s0\\\\\\\\\\\\\\\\s0.5\\\\\\\\s33\\\\\\\\\\\\\\\\s1.5\\\\\\\\\\\\\\\\s0.02\\\\\\\\s32\\\\\\\\\\\\\\\\s1.5\\\\\\\\\\\\\\\\s0.02\\\\\\\\s32\\\\\\\\\\\\\\\\s1.5\\\\\\\\\\\\\\\\s0.02\\\\s1\\\\\\\\smy_NAND_1\\\\\\\\s33\\\\\\\\\\\\\\\\s1.5\\\\\\\\\\\\\\\\s0.02\\\\\\\\s0\\\\\\\\\\\\\\\\s0\\\\\\\\\\\\\\\\s40\\\\\\\\\\\\\\\\s5\\\\\\\\\\\\\\\\s0\\\\\\\\\\\\\\\\s0\\\\\\\\\\\\\\\\s0.5\\\\\\\\s33\\\\\\\\\\\\\\\\s1.5\\\\\\\\\\\\\\\\s0.02\\\\\\\\s32\\\\\\\\\\\\\\\\s1.5\\\\\\\\\\\\\\\\s0.02\\\\\\\\s32\\\\\\\\\\\\\\\\s1.5\\\\\\\\\\\\\\\\s0.02\\\\s1\\\\\\\\smy_NAND_1\\\\\\\\s33\\\\\\\\\\\\\\\\s1.5\\\\\\\\\\\\\\\\s0.02\\\\\\\\s0\\\\\\\\\\\\\\\\s0\\\\\\\\\\\\\\\\s40\\\\\\\\\\\\\\\\s5\\\\\\\\\\\\\\\\s0\\\\\\\\\\\\\\\\s0\\\\\\\\\\\\\\\\s0.5\\\\\\\\s33\\\\\\\\\\\\\\\\s1.5\\\\\\\\\\\\\\\\s0.02\\\\\\\\s32\\\\\\\\\\\\\\\\s1.5\\\\\\\\\\\\\\\\s0.02\\\\\\\\s32\\\\\\\\\\\\\\\\s1.5\\\\\\\\\\\\\\\\s0.02\\\\s1\\\\\\\\smy_NAND_1\\\\\\\\s33\\\\\\\\\\\\\\\\s1.5\\\\\\\\\\\\\\\\s0.02\\\\\\\\s0\\\\\\\\\\\\\\\\s0\\\\\\\\\\\\\\\\s40\\\\\\\\\\\\\\\\s5\\\\\\\\\\\\\\\\s0\\\\\\\\\\\\\\\\s0\\\\\\\\\\\\\\\\s0.5\\\\\\\\s33\\\\\\\\\\\\\\\\s1.5\\\\\\\\\\\\\\\\s0.02\\\\\\\\s32\\\\\\\\\\\\\\\\s1.5\\\\\\\\\\\\\\\\s0.02\\\\\\\\s32\\\\\\\\\\\\\\\\s1.5\\\\\\\\\\\\\\\\s0.02\\s1\\\\s半加器\\\\s1\\\\\\\\smy_NAND_1\\\\\\\\s33\\\\\\\\\\\\\\\\s1.5\\\\\\\\\\\\\\\\s0.02\\\\\\\\s0\\\\\\\\\\\\\\\\s0\\\\\\\\\\\\\\\\s40\\\\\\\\\\\\\\\\s5\\\\\\\\\\\\\\\\s0\\\\\\\\\\\\\\\\s0\\\\\\\\\\\\\\\\s0.5\\\\\\\\s33\\\\\\\\\\\\\\\\s1.5\\\\\\\\\\\\\\\\s0.02\\\\\\\\s32\\\\\\\\\\\\\\\\s1.5\\\\\\\\\\\\\\\\s0.02\\\\\\\\s32\\\\\\\\\\\\\\\\s1.5\\\\\\\\\\\\\\\\s0.02\\\\s1\\\\\\\\smy_NAND_1\\\\\\\\s33\\\\\\\\\\\\\\\\s1.5\\\\\\\\\\\\\\\\s0.02\\\\\\\\s0\\\\\\\\\\\\\\\\s0\\\\\\\\\\\\\\\\s40\\\\\\\\\\\\\\\\s5\\\\\\\\\\\\\\\\s0\\\\\\\\\\\\\\\\s0\\\\\\\\\\\\\\\\s0.5\\\\\\\\s33\\\\\\\\\\\\\\\\s1.5\\\\\\\\\\\\\\\\s0.02\\\\\\\\s32\\\\\\\\\\\\\\\\s1.5\\\\\\\\\\\\\\\\s0.02\\\\\\\\s32\\\\\\\\\\\\\\\\s1.5\\\\\\\\\\\\\\\\s0.02\\\\s1\\\\\\\\smy_NAND_1\\\\\\\\s33\\\\\\\\\\\\\\\\s1.5\\\\\\\\\\\\\\\\s0.02\\\\\\\\s0\\\\\\\\\\\\\\\\s0\\\\\\\\\\\\\\\\s40\\\\\\\\\\\\\\\\s5\\\\\\\\\\\\\\\\s0\\\\\\\\\\\\\\\\s0\\\\\\\\\\\\\\\\s0.5\\\\\\\\s33\\\\\\\\\\\\\\\\s1.5\\\\\\\\\\\\\\\\s0.02\\\\\\\\s32\\\\\\\\\\\\\\\\s1.5\\\\\\\\\\\\\\\\s0.02\\\\\\\\s32\\\\\\\\\\\\\\\\s1.5\\\\\\\\\\\\\\\\s0.02\\\\s1\\\\\\\\smy_NAND_1\\\\\\\\s33\\\\\\\\\\\\\\\\s1.5\\\\\\\\\\\\\\\\s0.02\\\\\\\\s0\\\\\\\\\\\\\\\\s0\\\\\\\\\\\\\\\\s40\\\\\\\\\\\\\\\\s5\\\\\\\\\\\\\\\\s0\\\\\\\\\\\\\\\\s0\\\\\\\\\\\\\\\\s0.5\\\\\\\\s33\\\\\\\\\\\\\\\\s1.5\\\\\\\\\\\\\\\\s0.02\\\\\\\\s32\\\\\\\\\\\\\\\\s1.5\\\\\\\\\\\\\\\\s0.02\\\\\\\\s32\\\\\\\\\\\\\\\\s1.5\\\\\\\\\\\\\\\\s0.02\\\\s1\\\\\\\\smy_NAND_1\\\\\\\\s33\\\\\\\\\\\\\\\\s1.5\\\\\\\\\\\\\\\\s0.02\\\\\\\\s0\\\\\\\\\\\\\\\\s0\\\\\\\\\\\\\\\\s40\\\\\\\\\\\\\\\\s5\\\\\\\\\\\\\\\\s0\\\\\\\\\\\\\\\\s0\\\\\\\\\\\\\\\\s0.5\\\\\\\\s33\\\\\\\\\\\\\\\\s1.5\\\\\\\\\\\\\\\\s0.02\\\\\\\\s32\\\\\\\\\\\\\\\\s1.5\\\\\\\\\\\\\\\\s0.02\\\\\\\\s32\\\\\\\\\\\\\\\\s1.5\\\\\\\\\\\\\\\\s0.02\\\\s1\\\\\\\\smy_NAND_1\\\\\\\\s33\\\\\\\\\\\\\\\\s1.5\\\\\\\\\\\\\\\\s0.02\\\\\\\\s0\\\\\\\\\\\\\\\\s0\\\\\\\\\\\\\\\\s40\\\\\\\\\\\\\\\\s5\\\\\\\\\\\\\\\\s0\\\\\\\\\\\\\\\\s0\\\\\\\\\\\\\\\\s0.5\\\\\\\\s33\\\\\\\\\\\\\\\\s1.5\\\\\\\\\\\\\\\\s0.02\\\\\\\\s32\\\\\\\\\\\\\\\\s1.5\\\\\\\\\\\\\\\\s0.02\\\\\\\\s32\\\\\\\\\\\\\\\\s1.5\\\\\\\\\\\\\\\\s0.02\\\\s1\\\\\\\\smy_NAND_1\\\\\\\\s33\\\\\\\\\\\\\\\\s1.5\\\\\\\\\\\\\\\\s0.02\\\\\\\\s0\\\\\\\\\\\\\\\\s0\\\\\\\\\\\\\\\\s40\\\\\\\\\\\\\\\\s5\\\\\\\\\\\\\\\\s0\\\\\\\\\\\\\\\\s0\\\\\\\\\\\\\\\\s0.5\\\\\\\\s33\\\\\\\\\\\\\\\\s1.5\\\\\\\\\\\\\\\\s0.02\\\\\\\\s32\\\\\\\\\\\\\\\\s1.5\\\\\\\\\\\\\\\\s0.02\\\\\\\\s32\\\\\\\\\\\\\\\\s1.5\\\\\\\\\\\\\\\\s0.02\\s0\\\\s2\\\\s0\\\\s5\s0\\s2\\s0\\s5\s0\\s2\\s0\\s5\s1\\s全加器\\s1\\\\s半加器\\\\s1\\\\\\\\smy_NAND_1\\\\\\\\s33\\\\\\\\\\\\\\\\s1.5\\\\\\\\\\\\\\\\s0.02\\\\\\\\s0\\\\\\\\\\\\\\\\s0\\\\\\\\\\\\\\\\s40\\\\\\\\\\\\\\\\s5\\\\\\\\\\\\\\\\s0\\\\\\\\\\\\\\\\s0\\\\\\\\\\\\\\\\s0.5\\\\\\\\s33\\\\\\\\\\\\\\\\s1.5\\\\\\\\\\\\\\\\s0.02\\\\\\\\s32\\\\\\\\\\\\\\\\s1.5\\\\\\\\\\\\\\\\s0.02\\\\\\\\s32\\\\\\\\\\\\\\\\s1.5\\\\\\\\\\\\\\\\s0.02\\\\s1\\\\\\\\smy_NAND_1\\\\\\\\s33\\\\\\\\\\\\\\\\s1.5\\\\\\\\\\\\\\\\s0.02\\\\\\\\s0\\\\\\\\\\\\\\\\s0\\\\\\\\\\\\\\\\s40\\\\\\\\\\\\\\\\s5\\\\\\\\\\\\\\\\s0\\\\\\\\\\\\\\\\s0\\\\\\\\\\\\\\\\s0.5\\\\\\\\s33\\\\\\\\\\\\\\\\s1.5\\\\\\\\\\\\\\\\s0.02\\\\\\\\s32\\\\\\\\\\\\\\\\s1.5\\\\\\\\\\\\\\\\s0.02\\\\\\\\s32\\\\\\\\\\\\\\\\s1.5\\\\\\\\\\\\\\\\s0.02\\\\s1\\\\\\\\smy_NAND_1\\\\\\\\s33\\\\\\\\\\\\\\\\s1.5\\\\\\\\\\\\\\\\s0.02\\\\\\\\s0\\\\\\\\\\\\\\\\s0\\\\\\\\\\\\\\\\s40\\\\\\\\\\\\\\\\s5\\\\\\\\\\\\\\\\s0\\\\\\\\\\\\\\\\s0\\\\\\\\\\\\\\\\s0.5\\\\\\\\s33\\\\\\\\\\\\\\\\s1.5\\\\\\\\\\\\\\\\s0.02\\\\\\\\s32\\\\\\\\\\\\\\\\s1.5\\\\\\\\\\\\\\\\s0.02\\\\\\\\s32\\\\\\\\\\\\\\\\s1.5\\\\\\\\\\\\\\\\s0.02\\\\s1\\\\\\\\smy_NAND_1\\\\\\\\s33\\\\\\\\\\\\\\\\s1.5\\\\\\\\\\\\\\\\s0.02\\\\\\\\s0\\\\\\\\\\\\\\\\s0\\\\\\\\\\\\\\\\s40\\\\\\\\\\\\\\\\s5\\\\\\\\\\\\\\\\s0\\\\\\\\\\\\\\\\s0\\\\\\\\\\\\\\\\s0.5\\\\\\\\s33\\\\\\\\\\\\\\\\s1.5\\\\\\\\\\\\\\\\s0.02\\\\\\\\s32\\\\\\\\\\\\\\\\s1.5\\\\\\\\\\\\\\\\s0.02\\\\\\\\s32\\\\\\\\\\\\\\\\s1.5\\\\\\\\\\\\\\\\s0.02\\\\s1\\\\\\\\smy_NAND_1\\\\\\\\s33\\\\\\\\\\\\\\\\s1.5\\\\\\\\\\\\\\\\s0.02\\\\\\\\s0\\\\\\\\\\\\\\\\s0\\\\\\\\\\\\\\\\s40\\\\\\\\\\\\\\\\s5\\\\\\\\\\\\\\\\s0\\\\\\\\\\\\\\\\s0\\\\\\\\\\\\\\\\s0.5\\\\\\\\s33\\\\\\\\\\\\\\\\s1.5\\\\\\\\\\\\\\\\s0.02\\\\\\\\s32\\\\\\\\\\\\\\\\s1.5\\\\\\\\\\\\\\\\s0.02\\\\\\\\s32\\\\\\\\\\\\\\\\s1.5\\\\\\\\\\\\\\\\s0.02\\\\s1\\\\\\\\smy_NAND_1\\\\\\\\s33\\\\\\\\\\\\\\\\s1.5\\\\\\\\\\\\\\\\s0.02\\\\\\\\s0\\\\\\\\\\\\\\\\s0\\\\\\\\\\\\\\\\s40\\\\\\\\\\\\\\\\s5\\\\\\\\\\\\\\\\s0\\\\\\\\\\\\\\\\s0\\\\\\\\\\\\\\\\s0.5\\\\\\\\s33\\\\\\\\\\\\\\\\s1.5\\\\\\\\\\\\\\\\s0.02\\\\\\\\s32\\\\\\\\\\\\\\\\s1.5\\\\\\\\\\\\\\\\s0.02\\\\\\\\s32\\\\\\\\\\\\\\\\s1.5\\\\\\\\\\\\\\\\s0.02\\\\s1\\\\\\\\smy_NAND_1\\\\\\\\s33\\\\\\\\\\\\\\\\s1.5\\\\\\\\\\\\\\\\s0.02\\\\\\\\s0\\\\\\\\\\\\\\\\s0\\\\\\\\\\\\\\\\s40\\\\\\\\\\\\\\\\s5\\\\\\\\\\\\\\\\s0\\\\\\\\\\\\\\\\s0\\\\\\\\\\\\\\\\s0.5\\\\\\\\s33\\\\\\\\\\\\\\\\s1.5\\\\\\\\\\\\\\\\s0.02\\\\\\\\s32\\\\\\\\\\\\\\\\s1.5\\\\\\\\\\\\\\\\s0.02\\\\\\\\s32\\\\\\\\\\\\\\\\s1.5\\\\\\\\\\\\\\\\s0.02\\s1\\\\s半加器\\\\s1\\\\\\\\smy_NAND_1\\\\\\\\s33\\\\\\\\\\\\\\\\s1.5\\\\\\\\\\\\\\\\s0.02\\\\\\\\s0\\\\\\\\\\\\\\\\s0\\\\\\\\\\\\\\\\s40\\\\\\\\\\\\\\\\s5\\\\\\\\\\\\\\\\s0\\\\\\\\\\\\\\\\s0\\\\\\\\\\\\\\\\s0.5\\\\\\\\s33\\\\\\\\\\\\\\\\s1.5\\\\\\\\\\\\\\\\s0.02\\\\\\\\s32\\\\\\\\\\\\\\\\s1.5\\\\\\\\\\\\\\\\s0.02\\\\\\\\s32\\\\\\\\\\\\\\\\s1.5\\\\\\\\\\\\\\\\s0.02\\\\s1\\\\\\\\smy_NAND_1\\\\\\\\s33\\\\\\\\\\\\\\\\s1.5\\\\\\\\\\\\\\\\s0.02\\\\\\\\s0\\\\\\\\\\\\\\\\s0\\\\\\\\\\\\\\\\s40\\\\\\\\\\\\\\\\s5\\\\\\\\\\\\\\\\s0\\\\\\\\\\\\\\\\s0\\\\\\\\\\\\\\\\s0.5\\\\\\\\s33\\\\\\\\\\\\\\\\s1.5\\\\\\\\\\\\\\\\s0.02\\\\\\\\s32\\\\\\\\\\\\\\\\s1.5\\\\\\\\\\\\\\\\s0.02\\\\\\\\s32\\\\\\\\\\\\\\\\s1.5\\\\\\\\\\\\\\\\s0.02\\\\s1\\\\\\\\smy_NAND_1\\\\\\\\s33\\\\\\\\\\\\\\\\s1.5\\\\\\\\\\\\\\\\s0.02\\\\\\\\s0\\\\\\\\\\\\\\\\s0\\\\\\\\\\\\\\\\s40\\\\\\\\\\\\\\\\s5\\\\\\\\\\\\\\\\s0\\\\\\\\\\\\\\\\s0\\\\\\\\\\\\\\\\s0.5\\\\\\\\s33\\\\\\\\\\\\\\\\s1.5\\\\\\\\\\\\\\\\s0.02\\\\\\\\s32\\\\\\\\\\\\\\\\s1.5\\\\\\\\\\\\\\\\s0.02\\\\\\\\s32\\\\\\\\\\\\\\\\s1.5\\\\\\\\\\\\\\\\s0.02\\\\s1\\\\\\\\smy_NAND_1\\\\\\\\s33\\\\\\\\\\\\\\\\s1.5\\\\\\\\\\\\\\\\s0.02\\\\\\\\s0\\\\\\\\\\\\\\\\s0\\\\\\\\\\\\\\\\s40\\\\\\\\\\\\\\\\s5\\\\\\\\\\\\\\\\s0\\\\\\\\\\\\\\\\s0\\\\\\\\\\\\\\\\s0.5\\\\\\\\s33\\\\\\\\\\\\\\\\s1.5\\\\\\\\\\\\\\\\s0.02\\\\\\\\s32\\\\\\\\\\\\\\\\s1.5\\\\\\\\\\\\\\\\s0.02\\\\\\\\s32\\\\\\\\\\\\\\\\s1.5\\\\\\\\\\\\\\\\s0.02\\\\s1\\\\\\\\smy_NAND_1\\\\\\\\s33\\\\\\\\\\\\\\\\s1.5\\\\\\\\\\\\\\\\s0.02\\\\\\\\s0\\\\\\\\\\\\\\\\s0\\\\\\\\\\\\\\\\s40\\\\\\\\\\\\\\\\s5\\\\\\\\\\\\\\\\s0\\\\\\\\\\\\\\\\s0\\\\\\\\\\\\\\\\s0.5\\\\\\\\s33\\\\\\\\\\\\\\\\s1.5\\\\\\\\\\\\\\\\s0.02\\\\\\\\s32\\\\\\\\\\\\\\\\s1.5\\\\\\\\\\\\\\\\s0.02\\\\\\\\s32\\\\\\\\\\\\\\\\s1.5\\\\\\\\\\\\\\\\s0.02\\\\s1\\\\\\\\smy_NAND_1\\\\\\\\s33\\\\\\\\\\\\\\\\s1.5\\\\\\\\\\\\\\\\s0.02\\\\\\\\s0\\\\\\\\\\\\\\\\s0\\\\\\\\\\\\\\\\s40\\\\\\\\\\\\\\\\s5\\\\\\\\\\\\\\\\s0\\\\\\\\\\\\\\\\s0\\\\\\\\\\\\\\\\s0.5\\\\\\\\s33\\\\\\\\\\\\\\\\s1.5\\\\\\\\\\\\\\\\s0.02\\\\\\\\s32\\\\\\\\\\\\\\\\s1.5\\\\\\\\\\\\\\\\s0.02\\\\\\\\s32\\\\\\\\\\\\\\\\s1.5\\\\\\\\\\\\\\\\s0.02\\\\s1\\\\\\\\smy_NAND_1\\\\\\\\s33\\\\\\\\\\\\\\\\s1.5\\\\\\\\\\\\\\\\s0.02\\\\\\\\s0\\\\\\\\\\\\\\\\s0\\\\\\\\\\\\\\\\s40\\\\\\\\\\\\\\\\s5\\\\\\\\\\\\\\\\s0\\\\\\\\\\\\\\\\s0\\\\\\\\\\\\\\\\s0.5\\\\\\\\s33\\\\\\\\\\\\\\\\s1.5\\\\\\\\\\\\\\\\s0.02\\\\\\\\s32\\\\\\\\\\\\\\\\s1.5\\\\\\\\\\\\\\\\s0.02\\\\\\\\s32\\\\\\\\\\\\\\\\s1.5\\\\\\\\\\\\\\\\s0.02\\s0\\\\s2\\\\s0\\\\s5\s0\\s2\\s0\\s5\s1\\s半加器\\s1\\\\smy_NAND_1\\\\s33\\\\\\\\s1.5\\\\\\\\s0.02\\\\s0\\\\\\\\s0\\\\\\\\s40\\\\\\\\s5\\\\\\\\s0\\\\\\\\s0\\\\\\\\s0.5\\\\s33\\\\\\\\s1.5\\\\\\\\s0.02\\\\s32\\\\\\\\s1.5\\\\\\\\s0.02\\\\s32\\\\\\\\s1.5\\\\\\\\s0.02\\s1\\\\smy_NAND_1\\\\s33\\\\\\\\s1.5\\\\\\\\s0.02\\\\s0\\\\\\\\s0\\\\\\\\s40\\\\\\\\s5\\\\\\\\s0\\\\\\\\s0\\\\\\\\s0.5\\\\s33\\\\\\\\s1.5\\\\\\\\s0.02\\\\s32\\\\\\\\s1.5\\\\\\\\s0.02\\\\s32\\\\\\\\s1.5\\\\\\\\s0.02\\s1\\\\smy_NAND_1\\\\s33\\\\\\\\s1.5\\\\\\\\s0.02\\\\s0\\\\\\\\s0\\\\\\\\s40\\\\\\\\s5\\\\\\\\s0\\\\\\\\s0\\\\\\\\s0.5\\\\s33\\\\\\\\s1.5\\\\\\\\s0.02\\\\s32\\\\\\\\s1.5\\\\\\\\s0.02\\\\s32\\\\\\\\s1.5\\\\\\\\s0.02\\s1\\\\smy_NAND_1\\\\s33\\\\\\\\s1.5\\\\\\\\s0.02\\\\s0\\\\\\\\s0\\\\\\\\s40\\\\\\\\s5\\\\\\\\s0\\\\\\\\s0\\\\\\\\s0.5\\\\s33\\\\\\\\s1.5\\\\\\\\s0.02\\\\s32\\\\\\\\s1.5\\\\\\\\s0.02\\\\s32\\\\\\\\s1.5\\\\\\\\s0.02\\s1\\\\smy_NAND_1\\\\s33\\\\\\\\s1.5\\\\\\\\s0.02\\\\s0\\\\\\\\s0\\\\\\\\s40\\\\\\\\s5\\\\\\\\s0\\\\\\\\s0\\\\\\\\s0.5\\\\s33\\\\\\\\s1.5\\\\\\\\s0.02\\\\s32\\\\\\\\s1.5\\\\\\\\s0.02\\\\s32\\\\\\\\s1.5\\\\\\\\s0.02\\s1\\\\smy_NAND_1\\\\s33\\\\\\\\s1.5\\\\\\\\s0.02\\\\s0\\\\\\\\s0\\\\\\\\s40\\\\\\\\s5\\\\\\\\s0\\\\\\\\s0\\\\\\\\s0.5\\\\s33\\\\\\\\s1.5\\\\\\\\s0.02\\\\s32\\\\\\\\s1.5\\\\\\\\s0.02\\\\s32\\\\\\\\s1.5\\\\\\\\s0.02\\s1\\\\smy_NAND_1\\\\s33\\\\\\\\s1.5\\\\\\\\s0.02\\\\s0\\\\\\\\s0\\\\\\\\s40\\\\\\\\s5\\\\\\\\s0\\\\\\\\s0\\\\\\\\s0.5\\\\s33\\\\\\\\s1.5\\\\\\\\s0.02\\\\s32\\\\\\\\s1.5\\\\\\\\s0.02\\\\s32\\\\\\\\s1.5\\\\\\\\s0.02\s0\\s2\\s0\\s5\s1\\s半加器\\s1\\\\smy_NAND_1\\\\s33\\\\\\\\s1.5\\\\\\\\s0.02\\\\s0\\\\\\\\s0\\\\\\\\s40\\\\\\\\s5\\\\\\\\s0\\\\\\\\s0\\\\\\\\s0.5\\\\s33\\\\\\\\s1.5\\\\\\\\s0.02\\\\s32\\\\\\\\s1.5\\\\\\\\s0.02\\\\s32\\\\\\\\s1.5\\\\\\\\s0.02\\s1\\\\smy_NAND_1\\\\s33\\\\\\\\s1.5\\\\\\\\s0.02\\\\s0\\\\\\\\s0\\\\\\\\s40\\\\\\\\s5\\\\\\\\s0\\\\\\\\s0\\\\\\\\s0.5\\\\s33\\\\\\\\s1.5\\\\\\\\s0.02\\\\s32\\\\\\\\s1.5\\\\\\\\s0.02\\\\s32\\\\\\\\s1.5\\\\\\\\s0.02\\s1\\\\smy_NAND_1\\\\s33\\\\\\\\s1.5\\\\\\\\s0.02\\\\s0\\\\\\\\s0\\\\\\\\s40\\\\\\\\s5\\\\\\\\s0\\\\\\\\s0\\\\\\\\s0.5\\\\s33\\\\\\\\s1.5\\\\\\\\s0.02\\\\s32\\\\\\\\s1.5\\\\\\\\s0.02\\\\s32\\\\\\\\s1.5\\\\\\\\s0.02\\s1\\\\smy_NAND_1\\\\s33\\\\\\\\s1.5\\\\\\\\s0.02\\\\s0\\\\\\\\s0\\\\\\\\s40\\\\\\\\s5\\\\\\\\s0\\\\\\\\s0\\\\\\\\s0.5\\\\s33\\\\\\\\s1.5\\\\\\\\s0.02\\\\s32\\\\\\\\s1.5\\\\\\\\s0.02\\\\s32\\\\\\\\s1.5\\\\\\\\s0.02\\s1\\\\smy_NAND_1\\\\s33\\\\\\\\s1.5\\\\\\\\s0.02\\\\s0\\\\\\\\s0\\\\\\\\s40\\\\\\\\s5\\\\\\\\s0\\\\\\\\s0\\\\\\\\s0.5\\\\s33\\\\\\\\s1.5\\\\\\\\s0.02\\\\s32\\\\\\\\s1.5\\\\\\\\s0.02\\\\s32\\\\\\\\s1.5\\\\\\\\s0.02\\s1\\\\smy_NAND_1\\\\s33\\\\\\\\s1.5\\\\\\\\s0.02\\\\s0\\\\\\\\s0\\\\\\\\s40\\\\\\\\s5\\\\\\\\s0\\\\\\\\s0\\\\\\\\s0.5\\\\s33\\\\\\\\s1.5\\\\\\\\s0.02\\\\s32\\\\\\\\s1.5\\\\\\\\s0.02\\\\s32\\\\\\\\s1.5\\\\\\\\s0.02\\s1\\\\smy_NAND_1\\\\s33\\\\\\\\s1.5\\\\\\\\s0.02\\\\s0\\\\\\\\s0\\\\\\\\s40\\\\\\\\s5\\\\\\\\s0\\\\\\\\s0\\\\\\\\s0.5\\\\s33\\\\\\\\s1.5\\\\\\\\s0.02\\\\s32\\\\\\\\s1.5\\\\\\\\s0.02\\\\s32\\\\\\\\s1.5\\\\\\\\s0.02\s0\\s2\\s0\\s5\s1\\s全加器\\s1\\\\s半加器\\\\s1\\\\\\\\smy_NAND_1\\\\\\\\s33\\\\\\\\\\\\\\\\s1.5\\\\\\\\\\\\\\\\s0.02\\\\\\\\s0\\\\\\\\\\\\\\\\s0\\\\\\\\\\\\\\\\s40\\\\\\\\\\\\\\\\s5\\\\\\\\\\\\\\\\s0\\\\\\\\\\\\\\\\s0\\\\\\\\\\\\\\\\s0.5\\\\\\\\s33\\\\\\\\\\\\\\\\s1.5\\\\\\\\\\\\\\\\s0.02\\\\\\\\s32\\\\\\\\\\\\\\\\s1.5\\\\\\\\\\\\\\\\s0.02\\\\\\\\s32\\\\\\\\\\\\\\\\s1.5\\\\\\\\\\\\\\\\s0.02\\\\s1\\\\\\\\smy_NAND_1\\\\\\\\s33\\\\\\\\\\\\\\\\s1.5\\\\\\\\\\\\\\\\s0.02\\\\\\\\s0\\\\\\\\\\\\\\\\s0\\\\\\\\\\\\\\\\s40\\\\\\\\\\\\\\\\s5\\\\\\\\\\\\\\\\s0\\\\\\\\\\\\\\\\s0\\\\\\\\\\\\\\\\s0.5\\\\\\\\s33\\\\\\\\\\\\\\\\s1.5\\\\\\\\\\\\\\\\s0.02\\\\\\\\s32\\\\\\\\\\\\\\\\s1.5\\\\\\\\\\\\\\\\s0.02\\\\\\\\s32\\\\\\\\\\\\\\\\s1.5\\\\\\\\\\\\\\\\s0.02\\\\s1\\\\\\\\smy_NAND_1\\\\\\\\s33\\\\\\\\\\\\\\\\s1.5\\\\\\\\\\\\\\\\s0.02\\\\\\\\s0\\\\\\\\\\\\\\\\s0\\\\\\\\\\\\\\\\s40\\\\\\\\\\\\\\\\s5\\\\\\\\\\\\\\\\s0\\\\\\\\\\\\\\\\s0\\\\\\\\\\\\\\\\s0.5\\\\\\\\s33\\\\\\\\\\\\\\\\s1.5\\\\\\\\\\\\\\\\s0.02\\\\\\\\s32\\\\\\\\\\\\\\\\s1.5\\\\\\\\\\\\\\\\s0.02\\\\\\\\s32\\\\\\\\\\\\\\\\s1.5\\\\\\\\\\\\\\\\s0.02\\\\s1\\\\\\\\smy_NAND_1\\\\\\\\s33\\\\\\\\\\\\\\\\s1.5\\\\\\\\\\\\\\\\s0.02\\\\\\\\s0\\\\\\\\\\\\\\\\s0\\\\\\\\\\\\\\\\s40\\\\\\\\\\\\\\\\s5\\\\\\\\\\\\\\\\s0\\\\\\\\\\\\\\\\s0\\\\\\\\\\\\\\\\s0.5\\\\\\\\s33\\\\\\\\\\\\\\\\s1.5\\\\\\\\\\\\\\\\s0.02\\\\\\\\s32\\\\\\\\\\\\\\\\s1.5\\\\\\\\\\\\\\\\s0.02\\\\\\\\s32\\\\\\\\\\\\\\\\s1.5\\\\\\\\\\\\\\\\s0.02\\\\s1\\\\\\\\smy_NAND_1\\\\\\\\s33\\\\\\\\\\\\\\\\s1.5\\\\\\\\\\\\\\\\s0.02\\\\\\\\s0\\\\\\\\\\\\\\\\s0\\\\\\\\\\\\\\\\s40\\\\\\\\\\\\\\\\s5\\\\\\\\\\\\\\\\s0\\\\\\\\\\\\\\\\s0\\\\\\\\\\\\\\\\s0.5\\\\\\\\s33\\\\\\\\\\\\\\\\s1.5\\\\\\\\\\\\\\\\s0.02\\\\\\\\s32\\\\\\\\\\\\\\\\s1.5\\\\\\\\\\\\\\\\s0.02\\\\\\\\s32\\\\\\\\\\\\\\\\s1.5\\\\\\\\\\\\\\\\s0.02\\\\s1\\\\\\\\smy_NAND_1\\\\\\\\s33\\\\\\\\\\\\\\\\s1.5\\\\\\\\\\\\\\\\s0.02\\\\\\\\s0\\\\\\\\\\\\\\\\s0\\\\\\\\\\\\\\\\s40\\\\\\\\\\\\\\\\s5\\\\\\\\\\\\\\\\s0\\\\\\\\\\\\\\\\s0\\\\\\\\\\\\\\\\s0.5\\\\\\\\s33\\\\\\\\\\\\\\\\s1.5\\\\\\\\\\\\\\\\s0.02\\\\\\\\s32\\\\\\\\\\\\\\\\s1.5\\\\\\\\\\\\\\\\s0.02\\\\\\\\s32\\\\\\\\\\\\\\\\s1.5\\\\\\\\\\\\\\\\s0.02\\\\s1\\\\\\\\smy_NAND_1\\\\\\\\s33\\\\\\\\\\\\\\\\s1.5\\\\\\\\\\\\\\\\s0.02\\\\\\\\s0\\\\\\\\\\\\\\\\s0\\\\\\\\\\\\\\\\s40\\\\\\\\\\\\\\\\s5\\\\\\\\\\\\\\\\s0\\\\\\\\\\\\\\\\s0\\\\\\\\\\\\\\\\s0.5\\\\\\\\s33\\\\\\\\\\\\\\\\s1.5\\\\\\\\\\\\\\\\s0.02\\\\\\\\s32\\\\\\\\\\\\\\\\s1.5\\\\\\\\\\\\\\\\s0.02\\\\\\\\s32\\\\\\\\\\\\\\\\s1.5\\\\\\\\\\\\\\\\s0.02\\s1\\\\s半加器\\\\s1\\\\\\\\smy_NAND_1\\\\\\\\s33\\\\\\\\\\\\\\\\s1.5\\\\\\\\\\\\\\\\s0.02\\\\\\\\s0\\\\\\\\\\\\\\\\s0\\\\\\\\\\\\\\\\s40\\\\\\\\\\\\\\\\s5\\\\\\\\\\\\\\\\s0\\\\\\\\\\\\\\\\s0\\\\\\\\\\\\\\\\s0.5\\\\\\\\s33\\\\\\\\\\\\\\\\s1.5\\\\\\\\\\\\\\\\s0.02\\\\\\\\s32\\\\\\\\\\\\\\\\s1.5\\\\\\\\\\\\\\\\s0.02\\\\\\\\s32\\\\\\\\\\\\\\\\s1.5\\\\\\\\\\\\\\\\s0.02\\\\s1\\\\\\\\smy_NAND_1\\\\\\\\s33\\\\\\\\\\\\\\\\s1.5\\\\\\\\\\\\\\\\s0.02\\\\\\\\s0\\\\\\\\\\\\\\\\s0\\\\\\\\\\\\\\\\s40\\\\\\\\\\\\\\\\s5\\\\\\\\\\\\\\\\s0\\\\\\\\\\\\\\\\s0\\\\\\\\\\\\\\\\s0.5\\\\\\\\s33\\\\\\\\\\\\\\\\s1.5\\\\\\\\\\\\\\\\s0.02\\\\\\\\s32\\\\\\\\\\\\\\\\s1.5\\\\\\\\\\\\\\\\s0.02\\\\\\\\s32\\\\\\\\\\\\\\\\s1.5\\\\\\\\\\\\\\\\s0.02\\\\s1\\\\\\\\smy_NAND_1\\\\\\\\s33\\\\\\\\\\\\\\\\s1.5\\\\\\\\\\\\\\\\s0.02\\\\\\\\s0\\\\\\\\\\\\\\\\s0\\\\\\\\\\\\\\\\s40\\\\\\\\\\\\\\\\s5\\\\\\\\\\\\\\\\s0\\\\\\\\\\\\\\\\s0\\\\\\\\\\\\\\\\s0.5\\\\\\\\s33\\\\\\\\\\\\\\\\s1.5\\\\\\\\\\\\\\\\s0.02\\\\\\\\s32\\\\\\\\\\\\\\\\s1.5\\\\\\\\\\\\\\\\s0.02\\\\\\\\s32\\\\\\\\\\\\\\\\s1.5\\\\\\\\\\\\\\\\s0.02\\\\s1\\\\\\\\smy_NAND_1\\\\\\\\s33\\\\\\\\\\\\\\\\s1.5\\\\\\\\\\\\\\\\s0.02\\\\\\\\s0\\\\\\\\\\\\\\\\s0\\\\\\\\\\\\\\\\s40\\\\\\\\\\\\\\\\s5\\\\\\\\\\\\\\\\s0\\\\\\\\\\\\\\\\s0\\\\\\\\\\\\\\\\s0.5\\\\\\\\s33\\\\\\\\\\\\\\\\s1.5\\\\\\\\\\\\\\\\s0.02\\\\\\\\s32\\\\\\\\\\\\\\\\s1.5\\\\\\\\\\\\\\\\s0.02\\\\\\\\s32\\\\\\\\\\\\\\\\s1.5\\\\\\\\\\\\\\\\s0.02\\\\s1\\\\\\\\smy_NAND_1\\\\\\\\s33\\\\\\\\\\\\\\\\s1.5\\\\\\\\\\\\\\\\s0.02\\\\\\\\s0\\\\\\\\\\\\\\\\s0\\\\\\\\\\\\\\\\s40\\\\\\\\\\\\\\\\s5\\\\\\\\\\\\\\\\s0\\\\\\\\\\\\\\\\s0\\\\\\\\\\\\\\\\s0.5\\\\\\\\s33\\\\\\\\\\\\\\\\s1.5\\\\\\\\\\\\\\\\s0.02\\\\\\\\s32\\\\\\\\\\\\\\\\s1.5\\\\\\\\\\\\\\\\s0.02\\\\\\\\s32\\\\\\\\\\\\\\\\s1.5\\\\\\\\\\\\\\\\s0.02\\\\s1\\\\\\\\smy_NAND_1\\\\\\\\s33\\\\\\\\\\\\\\\\s1.5\\\\\\\\\\\\\\\\s0.02\\\\\\\\s0\\\\\\\\\\\\\\\\s0\\\\\\\\\\\\\\\\s40\\\\\\\\\\\\\\\\s5\\\\\\\\\\\\\\\\s0\\\\\\\\\\\\\\\\s0\\\\\\\\\\\\\\\\s0.5\\\\\\\\s33\\\\\\\\\\\\\\\\s1.5\\\\\\\\\\\\\\\\s0.02\\\\\\\\s32\\\\\\\\\\\\\\\\s1.5\\\\\\\\\\\\\\\\s0.02\\\\\\\\s32\\\\\\\\\\\\\\\\s1.5\\\\\\\\\\\\\\\\s0.02\\\\s1\\\\\\\\smy_NAND_1\\\\\\\\s33\\\\\\\\\\\\\\\\s1.5\\\\\\\\\\\\\\\\s0.02\\\\\\\\s0\\\\\\\\\\\\\\\\s0\\\\\\\\\\\\\\\\s40\\\\\\\\\\\\\\\\s5\\\\\\\\\\\\\\\\s0\\\\\\\\\\\\\\\\s0\\\\\\\\\\\\\\\\s0.5\\\\\\\\s33\\\\\\\\\\\\\\\\s1.5\\\\\\\\\\\\\\\\s0.02\\\\\\\\s32\\\\\\\\\\\\\\\\s1.5\\\\\\\\\\\\\\\\s0.02\\\\\\\\s32\\\\\\\\\\\\\\\\s1.5\\\\\\\\\\\\\\\\s0.02\\s0\\\\s2\\\\s0\\\\s5\s0\\s2\\s0\\s5\s1\\s全加器\\s1\\\\s半加器\\\\s1\\\\\\\\smy_NAND_1\\\\\\\\s33\\\\\\\\\\\\\\\\s1.5\\\\\\\\\\\\\\\\s0.02\\\\\\\\s0\\\\\\\\\\\\\\\\s0\\\\\\\\\\\\\\\\s40\\\\\\\\\\\\\\\\s5\\\\\\\\\\\\\\\\s0\\\\\\\\\\\\\\\\s0\\\\\\\\\\\\\\\\s0.5\\\\\\\\s33\\\\\\\\\\\\\\\\s1.5\\\\\\\\\\\\\\\\s0.02\\\\\\\\s32\\\\\\\\\\\\\\\\s1.5\\\\\\\\\\\\\\\\s0.02\\\\\\\\s32\\\\\\\\\\\\\\\\s1.5\\\\\\\\\\\\\\\\s0.02\\\\s1\\\\\\\\smy_NAND_1\\\\\\\\s33\\\\\\\\\\\\\\\\s1.5\\\\\\\\\\\\\\\\s0.02\\\\\\\\s0\\\\\\\\\\\\\\\\s0\\\\\\\\\\\\\\\\s40\\\\\\\\\\\\\\\\s5\\\\\\\\\\\\\\\\s0\\\\\\\\\\\\\\\\s0\\\\\\\\\\\\\\\\s0.5\\\\\\\\s33\\\\\\\\\\\\\\\\s1.5\\\\\\\\\\\\\\\\s0.02\\\\\\\\s32\\\\\\\\\\\\\\\\s1.5\\\\\\\\\\\\\\\\s0.02\\\\\\\\s32\\\\\\\\\\\\\\\\s1.5\\\\\\\\\\\\\\\\s0.02\\\\s1\\\\\\\\smy_NAND_1\\\\\\\\s33\\\\\\\\\\\\\\\\s1.5\\\\\\\\\\\\\\\\s0.02\\\\\\\\s0\\\\\\\\\\\\\\\\s0\\\\\\\\\\\\\\\\s40\\\\\\\\\\\\\\\\s5\\\\\\\\\\\\\\\\s0\\\\\\\\\\\\\\\\s0\\\\\\\\\\\\\\\\s0.5\\\\\\\\s33\\\\\\\\\\\\\\\\s1.5\\\\\\\\\\\\\\\\s0.02\\\\\\\\s32\\\\\\\\\\\\\\\\s1.5\\\\\\\\\\\\\\\\s0.02\\\\\\\\s32\\\\\\\\\\\\\\\\s1.5\\\\\\\\\\\\\\\\s0.02\\\\s1\\\\\\\\smy_NAND_1\\\\\\\\s33\\\\\\\\\\\\\\\\s1.5\\\\\\\\\\\\\\\\s0.02\\\\\\\\s0\\\\\\\\\\\\\\\\s0\\\\\\\\\\\\\\\\s40\\\\\\\\\\\\\\\\s5\\\\\\\\\\\\\\\\s0\\\\\\\\\\\\\\\\s0\\\\\\\\\\\\\\\\s0.5\\\\\\\\s33\\\\\\\\\\\\\\\\s1.5\\\\\\\\\\\\\\\\s0.02\\\\\\\\s32\\\\\\\\\\\\\\\\s1.5\\\\\\\\\\\\\\\\s0.02\\\\\\\\s32\\\\\\\\\\\\\\\\s1.5\\\\\\\\\\\\\\\\s0.02\\\\s1\\\\\\\\smy_NAND_1\\\\\\\\s33\\\\\\\\\\\\\\\\s1.5\\\\\\\\\\\\\\\\s0.02\\\\\\\\s0\\\\\\\\\\\\\\\\s0\\\\\\\\\\\\\\\\s40\\\\\\\\\\\\\\\\s5\\\\\\\\\\\\\\\\s0\\\\\\\\\\\\\\\\s0\\\\\\\\\\\\\\\\s0.5\\\\\\\\s33\\\\\\\\\\\\\\\\s1.5\\\\\\\\\\\\\\\\s0.02\\\\\\\\s32\\\\\\\\\\\\\\\\s1.5\\\\\\\\\\\\\\\\s0.02\\\\\\\\s32\\\\\\\\\\\\\\\\s1.5\\\\\\\\\\\\\\\\s0.02\\\\s1\\\\\\\\smy_NAND_1\\\\\\\\s33\\\\\\\\\\\\\\\\s1.5\\\\\\\\\\\\\\\\s0.02\\\\\\\\s0\\\\\\\\\\\\\\\\s0\\\\\\\\\\\\\\\\s40\\\\\\\\\\\\\\\\s5\\\\\\\\\\\\\\\\s0\\\\\\\\\\\\\\\\s0\\\\\\\\\\\\\\\\s0.5\\\\\\\\s33\\\\\\\\\\\\\\\\s1.5\\\\\\\\\\\\\\\\s0.02\\\\\\\\s32\\\\\\\\\\\\\\\\s1.5\\\\\\\\\\\\\\\\s0.02\\\\\\\\s32\\\\\\\\\\\\\\\\s1.5\\\\\\\\\\\\\\\\s0.02\\\\s1\\\\\\\\smy_NAND_1\\\\\\\\s33\\\\\\\\\\\\\\\\s1.5\\\\\\\\\\\\\\\\s0.02\\\\\\\\s0\\\\\\\\\\\\\\\\s0\\\\\\\\\\\\\\\\s40\\\\\\\\\\\\\\\\s5\\\\\\\\\\\\\\\\s0\\\\\\\\\\\\\\\\s0\\\\\\\\\\\\\\\\s0.5\\\\\\\\s33\\\\\\\\\\\\\\\\s1.5\\\\\\\\\\\\\\\\s0.02\\\\\\\\s32\\\\\\\\\\\\\\\\s1.5\\\\\\\\\\\\\\\\s0.02\\\\\\\\s32\\\\\\\\\\\\\\\\s1.5\\\\\\\\\\\\\\\\s0.02\\s1\\\\s半加器\\\\s1\\\\\\\\smy_NAND_1\\\\\\\\s33\\\\\\\\\\\\\\\\s1.5\\\\\\\\\\\\\\\\s0.02\\\\\\\\s0\\\\\\\\\\\\\\\\s0\\\\\\\\\\\\\\\\s40\\\\\\\\\\\\\\\\s5\\\\\\\\\\\\\\\\s0\\\\\\\\\\\\\\\\s0\\\\\\\\\\\\\\\\s0.5\\\\\\\\s33\\\\\\\\\\\\\\\\s1.5\\\\\\\\\\\\\\\\s0.02\\\\\\\\s32\\\\\\\\\\\\\\\\s1.5\\\\\\\\\\\\\\\\s0.02\\\\\\\\s32\\\\\\\\\\\\\\\\s1.5\\\\\\\\\\\\\\\\s0.02\\\\s1\\\\\\\\smy_NAND_1\\\\\\\\s33\\\\\\\\\\\\\\\\s1.5\\\\\\\\\\\\\\\\s0.02\\\\\\\\s0\\\\\\\\\\\\\\\\s0\\\\\\\\\\\\\\\\s40\\\\\\\\\\\\\\\\s5\\\\\\\\\\\\\\\\s0\\\\\\\\\\\\\\\\s0\\\\\\\\\\\\\\\\s0.5\\\\\\\\s33\\\\\\\\\\\\\\\\s1.5\\\\\\\\\\\\\\\\s0.02\\\\\\\\s32\\\\\\\\\\\\\\\\s1.5\\\\\\\\\\\\\\\\s0.02\\\\\\\\s32\\\\\\\\\\\\\\\\s1.5\\\\\\\\\\\\\\\\s0.02\\\\s1\\\\\\\\smy_NAND_1\\\\\\\\s33\\\\\\\\\\\\\\\\s1.5\\\\\\\\\\\\\\\\s0.02\\\\\\\\s0\\\\\\\\\\\\\\\\s0\\\\\\\\\\\\\\\\s40\\\\\\\\\\\\\\\\s5\\\\\\\\\\\\\\\\s0\\\\\\\\\\\\\\\\s0\\\\\\\\\\\\\\\\s0.5\\\\\\\\s33\\\\\\\\\\\\\\\\s1.5\\\\\\\\\\\\\\\\s0.02\\\\\\\\s32\\\\\\\\\\\\\\\\s1.5\\\\\\\\\\\\\\\\s0.02\\\\\\\\s32\\\\\\\\\\\\\\\\s1.5\\\\\\\\\\\\\\\\s0.02\\\\s1\\\\\\\\smy_NAND_1\\\\\\\\s33\\\\\\\\\\\\\\\\s1.5\\\\\\\\\\\\\\\\s0.02\\\\\\\\s0\\\\\\\\\\\\\\\\s0\\\\\\\\\\\\\\\\s40\\\\\\\\\\\\\\\\s5\\\\\\\\\\\\\\\\s0\\\\\\\\\\\\\\\\s0\\\\\\\\\\\\\\\\s0.5\\\\\\\\s33\\\\\\\\\\\\\\\\s1.5\\\\\\\\\\\\\\\\s0.02\\\\\\\\s32\\\\\\\\\\\\\\\\s1.5\\\\\\\\\\\\\\\\s0.02\\\\\\\\s32\\\\\\\\\\\\\\\\s1.5\\\\\\\\\\\\\\\\s0.02\\\\s1\\\\\\\\smy_NAND_1\\\\\\\\s33\\\\\\\\\\\\\\\\s1.5\\\\\\\\\\\\\\\\s0.02\\\\\\\\s0\\\\\\\\\\\\\\\\s0\\\\\\\\\\\\\\\\s40\\\\\\\\\\\\\\\\s5\\\\\\\\\\\\\\\\s0\\\\\\\\\\\\\\\\s0\\\\\\\\\\\\\\\\s0.5\\\\\\\\s33\\\\\\\\\\\\\\\\s1.5\\\\\\\\\\\\\\\\s0.02\\\\\\\\s32\\\\\\\\\\\\\\\\s1.5\\\\\\\\\\\\\\\\s0.02\\\\\\\\s32\\\\\\\\\\\\\\\\s1.5\\\\\\\\\\\\\\\\s0.02\\\\s1\\\\\\\\smy_NAND_1\\\\\\\\s33\\\\\\\\\\\\\\\\s1.5\\\\\\\\\\\\\\\\s0.02\\\\\\\\s0\\\\\\\\\\\\\\\\s0\\\\\\\\\\\\\\\\s40\\\\\\\\\\\\\\\\s5\\\\\\\\\\\\\\\\s0\\\\\\\\\\\\\\\\s0\\\\\\\\\\\\\\\\s0.5\\\\\\\\s33\\\\\\\\\\\\\\\\s1.5\\\\\\\\\\\\\\\\s0.02\\\\\\\\s32\\\\\\\\\\\\\\\\s1.5\\\\\\\\\\\\\\\\s0.02\\\\\\\\s32\\\\\\\\\\\\\\\\s1.5\\\\\\\\\\\\\\\\s0.02\\\\s1\\\\\\\\smy_NAND_1\\\\\\\\s33\\\\\\\\\\\\\\\\s1.5\\\\\\\\\\\\\\\\s0.02\\\\\\\\s0\\\\\\\\\\\\\\\\s0\\\\\\\\\\\\\\\\s40\\\\\\\\\\\\\\\\s5\\\\\\\\\\\\\\\\s0\\\\\\\\\\\\\\\\s0\\\\\\\\\\\\\\\\s0.5\\\\\\\\s33\\\\\\\\\\\\\\\\s1.5\\\\\\\\\\\\\\\\s0.02\\\\\\\\s32\\\\\\\\\\\\\\\\s1.5\\\\\\\\\\\\\\\\s0.02\\\\\\\\s32\\\\\\\\\\\\\\\\s1.5\\\\\\\\\\\\\\\\s0.02\\s0\\\\s2\\\\s0\\\\s5\s0\\s2\\s0\\s5\s1\\s全加器\\s1\\\\s半加器\\\\s1\\\\\\\\smy_NAND_1\\\\\\\\s33\\\\\\\\\\\\\\\\s1.5\\\\\\\\\\\\\\\\s0.02\\\\\\\\s0\\\\\\\\\\\\\\\\s0\\\\\\\\\\\\\\\\s40\\\\\\\\\\\\\\\\s5\\\\\\\\\\\\\\\\s0\\\\\\\\\\\\\\\\s0\\\\\\\\\\\\\\\\s0.5\\\\\\\\s33\\\\\\\\\\\\\\\\s1.5\\\\\\\\\\\\\\\\s0.02\\\\\\\\s32\\\\\\\\\\\\\\\\s1.5\\\\\\\\\\\\\\\\s0.02\\\\\\\\s32\\\\\\\\\\\\\\\\s1.5\\\\\\\\\\\\\\\\s0.02\\\\s1\\\\\\\\smy_NAND_1\\\\\\\\s33\\\\\\\\\\\\\\\\s1.5\\\\\\\\\\\\\\\\s0.02\\\\\\\\s0\\\\\\\\\\\\\\\\s0\\\\\\\\\\\\\\\\s40\\\\\\\\\\\\\\\\s5\\\\\\\\\\\\\\\\s0\\\\\\\\\\\\\\\\s0\\\\\\\\\\\\\\\\s0.5\\\\\\\\s33\\\\\\\\\\\\\\\\s1.5\\\\\\\\\\\\\\\\s0.02\\\\\\\\s32\\\\\\\\\\\\\\\\s1.5\\\\\\\\\\\\\\\\s0.02\\\\\\\\s32\\\\\\\\\\\\\\\\s1.5\\\\\\\\\\\\\\\\s0.02\\\\s1\\\\\\\\smy_NAND_1\\\\\\\\s33\\\\\\\\\\\\\\\\s1.5\\\\\\\\\\\\\\\\s0.02\\\\\\\\s0\\\\\\\\\\\\\\\\s0\\\\\\\\\\\\\\\\s40\\\\\\\\\\\\\\\\s5\\\\\\\\\\\\\\\\s0\\\\\\\\\\\\\\\\s0\\\\\\\\\\\\\\\\s0.5\\\\\\\\s33\\\\\\\\\\\\\\\\s1.5\\\\\\\\\\\\\\\\s0.02\\\\\\\\s32\\\\\\\\\\\\\\\\s1.5\\\\\\\\\\\\\\\\s0.02\\\\\\\\s32\\\\\\\\\\\\\\\\s1.5\\\\\\\\\\\\\\\\s0.02\\\\s1\\\\\\\\smy_NAND_1\\\\\\\\s33\\\\\\\\\\\\\\\\s1.5\\\\\\\\\\\\\\\\s0.02\\\\\\\\s0\\\\\\\\\\\\\\\\s0\\\\\\\\\\\\\\\\s40\\\\\\\\\\\\\\\\s5\\\\\\\\\\\\\\\\s0\\\\\\\\\\\\\\\\s0\\\\\\\\\\\\\\\\s0.5\\\\\\\\s33\\\\\\\\\\\\\\\\s1.5\\\\\\\\\\\\\\\\s0.02\\\\\\\\s32\\\\\\\\\\\\\\\\s1.5\\\\\\\\\\\\\\\\s0.02\\\\\\\\s32\\\\\\\\\\\\\\\\s1.5\\\\\\\\\\\\\\\\s0.02\\\\s1\\\\\\\\smy_NAND_1\\\\\\\\s33\\\\\\\\\\\\\\\\s1.5\\\\\\\\\\\\\\\\s0.02\\\\\\\\s0\\\\\\\\\\\\\\\\s0\\\\\\\\\\\\\\\\s40\\\\\\\\\\\\\\\\s5\\\\\\\\\\\\\\\\s0\\\\\\\\\\\\\\\\s0\\\\\\\\\\\\\\\\s0.5\\\\\\\\s33\\\\\\\\\\\\\\\\s1.5\\\\\\\\\\\\\\\\s0.02\\\\\\\\s32\\\\\\\\\\\\\\\\s1.5\\\\\\\\\\\\\\\\s0.02\\\\\\\\s32\\\\\\\\\\\\\\\\s1.5\\\\\\\\\\\\\\\\s0.02\\\\s1\\\\\\\\smy_NAND_1\\\\\\\\s33\\\\\\\\\\\\\\\\s1.5\\\\\\\\\\\\\\\\s0.02\\\\\\\\s0\\\\\\\\\\\\\\\\s0\\\\\\\\\\\\\\\\s40\\\\\\\\\\\\\\\\s5\\\\\\\\\\\\\\\\s0\\\\\\\\\\\\\\\\s0\\\\\\\\\\\\\\\\s0.5\\\\\\\\s33\\\\\\\\\\\\\\\\s1.5\\\\\\\\\\\\\\\\s0.02\\\\\\\\s32\\\\\\\\\\\\\\\\s1.5\\\\\\\\\\\\\\\\s0.02\\\\\\\\s32\\\\\\\\\\\\\\\\s1.5\\\\\\\\\\\\\\\\s0.02\\\\s1\\\\\\\\smy_NAND_1\\\\\\\\s33\\\\\\\\\\\\\\\\s1.5\\\\\\\\\\\\\\\\s0.02\\\\\\\\s0\\\\\\\\\\\\\\\\s0\\\\\\\\\\\\\\\\s40\\\\\\\\\\\\\\\\s5\\\\\\\\\\\\\\\\s0\\\\\\\\\\\\\\\\s0\\\\\\\\\\\\\\\\s0.5\\\\\\\\s33\\\\\\\\\\\\\\\\s1.5\\\\\\\\\\\\\\\\s0.02\\\\\\\\s32\\\\\\\\\\\\\\\\s1.5\\\\\\\\\\\\\\\\s0.02\\\\\\\\s32\\\\\\\\\\\\\\\\s1.5\\\\\\\\\\\\\\\\s0.02\\s1\\\\s半加器\\\\s1\\\\\\\\smy_NAND_1\\\\\\\\s33\\\\\\\\\\\\\\\\s1.5\\\\\\\\\\\\\\\\s0.02\\\\\\\\s0\\\\\\\\\\\\\\\\s0\\\\\\\\\\\\\\\\s40\\\\\\\\\\\\\\\\s5\\\\\\\\\\\\\\\\s0\\\\\\\\\\\\\\\\s0\\\\\\\\\\\\\\\\s0.5\\\\\\\\s33\\\\\\\\\\\\\\\\s1.5\\\\\\\\\\\\\\\\s0.02\\\\\\\\s32\\\\\\\\\\\\\\\\s1.5\\\\\\\\\\\\\\\\s0.02\\\\\\\\s32\\\\\\\\\\\\\\\\s1.5\\\\\\\\\\\\\\\\s0.02\\\\s1\\\\\\\\smy_NAND_1\\\\\\\\s33\\\\\\\\\\\\\\\\s1.5\\\\\\\\\\\\\\\\s0.02\\\\\\\\s0\\\\\\\\\\\\\\\\s0\\\\\\\\\\\\\\\\s40\\\\\\\\\\\\\\\\s5\\\\\\\\\\\\\\\\s0\\\\\\\\\\\\\\\\s0\\\\\\\\\\\\\\\\s0.5\\\\\\\\s33\\\\\\\\\\\\\\\\s1.5\\\\\\\\\\\\\\\\s0.02\\\\\\\\s32\\\\\\\\\\\\\\\\s1.5\\\\\\\\\\\\\\\\s0.02\\\\\\\\s32\\\\\\\\\\\\\\\\s1.5\\\\\\\\\\\\\\\\s0.02\\\\s1\\\\\\\\smy_NAND_1\\\\\\\\s33\\\\\\\\\\\\\\\\s1.5\\\\\\\\\\\\\\\\s0.02\\\\\\\\s0\\\\\\\\\\\\\\\\s0\\\\\\\\\\\\\\\\s40\\\\\\\\\\\\\\\\s5\\\\\\\\\\\\\\\\s0\\\\\\\\\\\\\\\\s0\\\\\\\\\\\\\\\\s0.5\\\\\\\\s33\\\\\\\\\\\\\\\\s1.5\\\\\\\\\\\\\\\\s0.02\\\\\\\\s32\\\\\\\\\\\\\\\\s1.5\\\\\\\\\\\\\\\\s0.02\\\\\\\\s32\\\\\\\\\\\\\\\\s1.5\\\\\\\\\\\\\\\\s0.02\\\\s1\\\\\\\\smy_NAND_1\\\\\\\\s33\\\\\\\\\\\\\\\\s1.5\\\\\\\\\\\\\\\\s0.02\\\\\\\\s0\\\\\\\\\\\\\\\\s0\\\\\\\\\\\\\\\\s40\\\\\\\\\\\\\\\\s5\\\\\\\\\\\\\\\\s0\\\\\\\\\\\\\\\\s0\\\\\\\\\\\\\\\\s0.5\\\\\\\\s33\\\\\\\\\\\\\\\\s1.5\\\\\\\\\\\\\\\\s0.02\\\\\\\\s32\\\\\\\\\\\\\\\\s1.5\\\\\\\\\\\\\\\\s0.02\\\\\\\\s32\\\\\\\\\\\\\\\\s1.5\\\\\\\\\\\\\\\\s0.02\\\\s1\\\\\\\\smy_NAND_1\\\\\\\\s33\\\\\\\\\\\\\\\\s1.5\\\\\\\\\\\\\\\\s0.02\\\\\\\\s0\\\\\\\\\\\\\\\\s0\\\\\\\\\\\\\\\\s40\\\\\\\\\\\\\\\\s5\\\\\\\\\\\\\\\\s0\\\\\\\\\\\\\\\\s0\\\\\\\\\\\\\\\\s0.5\\\\\\\\s33\\\\\\\\\\\\\\\\s1.5\\\\\\\\\\\\\\\\s0.02\\\\\\\\s32\\\\\\\\\\\\\\\\s1.5\\\\\\\\\\\\\\\\s0.02\\\\\\\\s32\\\\\\\\\\\\\\\\s1.5\\\\\\\\\\\\\\\\s0.02\\\\s1\\\\\\\\smy_NAND_1\\\\\\\\s33\\\\\\\\\\\\\\\\s1.5\\\\\\\\\\\\\\\\s0.02\\\\\\\\s0\\\\\\\\\\\\\\\\s0\\\\\\\\\\\\\\\\s40\\\\\\\\\\\\\\\\s5\\\\\\\\\\\\\\\\s0\\\\\\\\\\\\\\\\s0\\\\\\\\\\\\\\\\s0.5\\\\\\\\s33\\\\\\\\\\\\\\\\s1.5\\\\\\\\\\\\\\\\s0.02\\\\\\\\s32\\\\\\\\\\\\\\\\s1.5\\\\\\\\\\\\\\\\s0.02\\\\\\\\s32\\\\\\\\\\\\\\\\s1.5\\\\\\\\\\\\\\\\s0.02\\\\s1\\\\\\\\smy_NAND_1\\\\\\\\s33\\\\\\\\\\\\\\\\s1.5\\\\\\\\\\\\\\\\s0.02\\\\\\\\s0\\\\\\\\\\\\\\\\s0\\\\\\\\\\\\\\\\s40\\\\\\\\\\\\\\\\s5\\\\\\\\\\\\\\\\s0\\\\\\\\\\\\\\\\s0\\\\\\\\\\\\\\\\s0.5\\\\\\\\s33\\\\\\\\\\\\\\\\s1.5\\\\\\\\\\\\\\\\s0.02\\\\\\\\s32\\\\\\\\\\\\\\\\s1.5\\\\\\\\\\\\\\\\s0.02\\\\\\\\s32\\\\\\\\\\\\\\\\s1.5\\\\\\\\\\\\\\\\s0.02\\s0\\\\s2\\\\s0\\\\s5\s0\\s2\\s0\\s5\s1\\s半加器\\s1\\\\smy_NAND_1\\\\s33\\\\\\\\s1.5\\\\\\\\s0.02\\\\s0\\\\\\\\s0\\\\\\\\s40\\\\\\\\s5\\\\\\\\s0\\\\\\\\s0\\\\\\\\s0.5\\\\s33\\\\\\\\s1.5\\\\\\\\s0.02\\\\s32\\\\\\\\s1.5\\\\\\\\s0.02\\\\s32\\\\\\\\s1.5\\\\\\\\s0.02\\s1\\\\smy_NAND_1\\\\s33\\\\\\\\s1.5\\\\\\\\s0.02\\\\s0\\\\\\\\s0\\\\\\\\s40\\\\\\\\s5\\\\\\\\s0\\\\\\\\s0\\\\\\\\s0.5\\\\s33\\\\\\\\s1.5\\\\\\\\s0.02\\\\s32\\\\\\\\s1.5\\\\\\\\s0.02\\\\s32\\\\\\\\s1.5\\\\\\\\s0.02\\s1\\\\smy_NAND_1\\\\s33\\\\\\\\s1.5\\\\\\\\s0.02\\\\s0\\\\\\\\s0\\\\\\\\s40\\\\\\\\s5\\\\\\\\s0\\\\\\\\s0\\\\\\\\s0.5\\\\s33\\\\\\\\s1.5\\\\\\\\s0.02\\\\s32\\\\\\\\s1.5\\\\\\\\s0.02\\\\s32\\\\\\\\s1.5\\\\\\\\s0.02\\s1\\\\smy_NAND_1\\\\s33\\\\\\\\s1.5\\\\\\\\s0.02\\\\s0\\\\\\\\s0\\\\\\\\s40\\\\\\\\s5\\\\\\\\s0\\\\\\\\s0\\\\\\\\s0.5\\\\s33\\\\\\\\s1.5\\\\\\\\s0.02\\\\s32\\\\\\\\s1.5\\\\\\\\s0.02\\\\s32\\\\\\\\s1.5\\\\\\\\s0.02\\s1\\\\smy_NAND_1\\\\s33\\\\\\\\s1.5\\\\\\\\s0.02\\\\s0\\\\\\\\s0\\\\\\\\s40\\\\\\\\s5\\\\\\\\s0\\\\\\\\s0\\\\\\\\s0.5\\\\s33\\\\\\\\s1.5\\\\\\\\s0.02\\\\s32\\\\\\\\s1.5\\\\\\\\s0.02\\\\s32\\\\\\\\s1.5\\\\\\\\s0.02\\s1\\\\smy_NAND_1\\\\s33\\\\\\\\s1.5\\\\\\\\s0.02\\\\s0\\\\\\\\s0\\\\\\\\s40\\\\\\\\s5\\\\\\\\s0\\\\\\\\s0\\\\\\\\s0.5\\\\s33\\\\\\\\s1.5\\\\\\\\s0.02\\\\s32\\\\\\\\s1.5\\\\\\\\s0.02\\\\s32\\\\\\\\s1.5\\\\\\\\s0.02\\s1\\\\smy_NAND_1\\\\s33\\\\\\\\s1.5\\\\\\\\s0.02\\\\s0\\\\\\\\s0\\\\\\\\s40\\\\\\\\s5\\\\\\\\s0\\\\\\\\s0\\\\\\\\s0.5\\\\s33\\\\\\\\s1.5\\\\\\\\s0.02\\\\s32\\\\\\\\s1.5\\\\\\\\s0.02\\\\s32\\\\\\\\s1.5\\\\\\\\s0.02\s0\\s2\\s0\\s5\s1\\s全加器\\s1\\\\s半加器\\\\s1\\\\\\\\smy_NAND_1\\\\\\\\s33\\\\\\\\\\\\\\\\s1.5\\\\\\\\\\\\\\\\s0.02\\\\\\\\s0\\\\\\\\\\\\\\\\s0\\\\\\\\\\\\\\\\s40\\\\\\\\\\\\\\\\s5\\\\\\\\\\\\\\\\s0\\\\\\\\\\\\\\\\s0\\\\\\\\\\\\\\\\s0.5\\\\\\\\s33\\\\\\\\\\\\\\\\s1.5\\\\\\\\\\\\\\\\s0.02\\\\\\\\s32\\\\\\\\\\\\\\\\s1.5\\\\\\\\\\\\\\\\s0.02\\\\\\\\s32\\\\\\\\\\\\\\\\s1.5\\\\\\\\\\\\\\\\s0.02\\\\s1\\\\\\\\smy_NAND_1\\\\\\\\s33\\\\\\\\\\\\\\\\s1.5\\\\\\\\\\\\\\\\s0.02\\\\\\\\s0\\\\\\\\\\\\\\\\s0\\\\\\\\\\\\\\\\s40\\\\\\\\\\\\\\\\s5\\\\\\\\\\\\\\\\s0\\\\\\\\\\\\\\\\s0\\\\\\\\\\\\\\\\s0.5\\\\\\\\s33\\\\\\\\\\\\\\\\s1.5\\\\\\\\\\\\\\\\s0.02\\\\\\\\s32\\\\\\\\\\\\\\\\s1.5\\\\\\\\\\\\\\\\s0.02\\\\\\\\s32\\\\\\\\\\\\\\\\s1.5\\\\\\\\\\\\\\\\s0.02\\\\s1\\\\\\\\smy_NAND_1\\\\\\\\s33\\\\\\\\\\\\\\\\s1.5\\\\\\\\\\\\\\\\s0.02\\\\\\\\s0\\\\\\\\\\\\\\\\s0\\\\\\\\\\\\\\\\s40\\\\\\\\\\\\\\\\s5\\\\\\\\\\\\\\\\s0\\\\\\\\\\\\\\\\s0\\\\\\\\\\\\\\\\s0.5\\\\\\\\s33\\\\\\\\\\\\\\\\s1.5\\\\\\\\\\\\\\\\s0.02\\\\\\\\s32\\\\\\\\\\\\\\\\s1.5\\\\\\\\\\\\\\\\s0.02\\\\\\\\s32\\\\\\\\\\\\\\\\s1.5\\\\\\\\\\\\\\\\s0.02\\\\s1\\\\\\\\smy_NAND_1\\\\\\\\s33\\\\\\\\\\\\\\\\s1.5\\\\\\\\\\\\\\\\s0.02\\\\\\\\s0\\\\\\\\\\\\\\\\s0\\\\\\\\\\\\\\\\s40\\\\\\\\\\\\\\\\s5\\\\\\\\\\\\\\\\s0\\\\\\\\\\\\\\\\s0\\\\\\\\\\\\\\\\s0.5\\\\\\\\s33\\\\\\\\\\\\\\\\s1.5\\\\\\\\\\\\\\\\s0.02\\\\\\\\s32\\\\\\\\\\\\\\\\s1.5\\\\\\\\\\\\\\\\s0.02\\\\\\\\s32\\\\\\\\\\\\\\\\s1.5\\\\\\\\\\\\\\\\s0.02\\\\s1\\\\\\\\smy_NAND_1\\\\\\\\s33\\\\\\\\\\\\\\\\s1.5\\\\\\\\\\\\\\\\s0.02\\\\\\\\s0\\\\\\\\\\\\\\\\s0\\\\\\\\\\\\\\\\s40\\\\\\\\\\\\\\\\s5\\\\\\\\\\\\\\\\s0\\\\\\\\\\\\\\\\s0\\\\\\\\\\\\\\\\s0.5\\\\\\\\s33\\\\\\\\\\\\\\\\s1.5\\\\\\\\\\\\\\\\s0.02\\\\\\\\s32\\\\\\\\\\\\\\\\s1.5\\\\\\\\\\\\\\\\s0.02\\\\\\\\s32\\\\\\\\\\\\\\\\s1.5\\\\\\\\\\\\\\\\s0.02\\\\s1\\\\\\\\smy_NAND_1\\\\\\\\s33\\\\\\\\\\\\\\\\s1.5\\\\\\\\\\\\\\\\s0.02\\\\\\\\s0\\\\\\\\\\\\\\\\s0\\\\\\\\\\\\\\\\s40\\\\\\\\\\\\\\\\s5\\\\\\\\\\\\\\\\s0\\\\\\\\\\\\\\\\s0\\\\\\\\\\\\\\\\s0.5\\\\\\\\s33\\\\\\\\\\\\\\\\s1.5\\\\\\\\\\\\\\\\s0.02\\\\\\\\s32\\\\\\\\\\\\\\\\s1.5\\\\\\\\\\\\\\\\s0.02\\\\\\\\s32\\\\\\\\\\\\\\\\s1.5\\\\\\\\\\\\\\\\s0.02\\\\s1\\\\\\\\smy_NAND_1\\\\\\\\s33\\\\\\\\\\\\\\\\s1.5\\\\\\\\\\\\\\\\s0.02\\\\\\\\s0\\\\\\\\\\\\\\\\s0\\\\\\\\\\\\\\\\s40\\\\\\\\\\\\\\\\s5\\\\\\\\\\\\\\\\s0\\\\\\\\\\\\\\\\s0\\\\\\\\\\\\\\\\s0.5\\\\\\\\s33\\\\\\\\\\\\\\\\s1.5\\\\\\\\\\\\\\\\s0.02\\\\\\\\s32\\\\\\\\\\\\\\\\s1.5\\\\\\\\\\\\\\\\s0.02\\\\\\\\s32\\\\\\\\\\\\\\\\s1.5\\\\\\\\\\\\\\\\s0.02\\s1\\\\s半加器\\\\s1\\\\\\\\smy_NAND_1\\\\\\\\s33\\\\\\\\\\\\\\\\s1.5\\\\\\\\\\\\\\\\s0.02\\\\\\\\s0\\\\\\\\\\\\\\\\s0\\\\\\\\\\\\\\\\s40\\\\\\\\\\\\\\\\s5\\\\\\\\\\\\\\\\s0\\\\\\\\\\\\\\\\s0\\\\\\\\\\\\\\\\s0.5\\\\\\\\s33\\\\\\\\\\\\\\\\s1.5\\\\\\\\\\\\\\\\s0.02\\\\\\\\s32\\\\\\\\\\\\\\\\s1.5\\\\\\\\\\\\\\\\s0.02\\\\\\\\s32\\\\\\\\\\\\\\\\s1.5\\\\\\\\\\\\\\\\s0.02\\\\s1\\\\\\\\smy_NAND_1\\\\\\\\s33\\\\\\\\\\\\\\\\s1.5\\\\\\\\\\\\\\\\s0.02\\\\\\\\s0\\\\\\\\\\\\\\\\s0\\\\\\\\\\\\\\\\s40\\\\\\\\\\\\\\\\s5\\\\\\\\\\\\\\\\s0\\\\\\\\\\\\\\\\s0\\\\\\\\\\\\\\\\s0.5\\\\\\\\s33\\\\\\\\\\\\\\\\s1.5\\\\\\\\\\\\\\\\s0.02\\\\\\\\s32\\\\\\\\\\\\\\\\s1.5\\\\\\\\\\\\\\\\s0.02\\\\\\\\s32\\\\\\\\\\\\\\\\s1.5\\\\\\\\\\\\\\\\s0.02\\\\s1\\\\\\\\smy_NAND_1\\\\\\\\s33\\\\\\\\\\\\\\\\s1.5\\\\\\\\\\\\\\\\s0.02\\\\\\\\s0\\\\\\\\\\\\\\\\s0\\\\\\\\\\\\\\\\s40\\\\\\\\\\\\\\\\s5\\\\\\\\\\\\\\\\s0\\\\\\\\\\\\\\\\s0\\\\\\\\\\\\\\\\s0.5\\\\\\\\s33\\\\\\\\\\\\\\\\s1.5\\\\\\\\\\\\\\\\s0.02\\\\\\\\s32\\\\\\\\\\\\\\\\s1.5\\\\\\\\\\\\\\\\s0.02\\\\\\\\s32\\\\\\\\\\\\\\\\s1.5\\\\\\\\\\\\\\\\s0.02\\\\s1\\\\\\\\smy_NAND_1\\\\\\\\s33\\\\\\\\\\\\\\\\s1.5\\\\\\\\\\\\\\\\s0.02\\\\\\\\s0\\\\\\\\\\\\\\\\s0\\\\\\\\\\\\\\\\s40\\\\\\\\\\\\\\\\s5\\\\\\\\\\\\\\\\s0\\\\\\\\\\\\\\\\s0\\\\\\\\\\\\\\\\s0.5\\\\\\\\s33\\\\\\\\\\\\\\\\s1.5\\\\\\\\\\\\\\\\s0.02\\\\\\\\s32\\\\\\\\\\\\\\\\s1.5\\\\\\\\\\\\\\\\s0.02\\\\\\\\s32\\\\\\\\\\\\\\\\s1.5\\\\\\\\\\\\\\\\s0.02\\\\s1\\\\\\\\smy_NAND_1\\\\\\\\s33\\\\\\\\\\\\\\\\s1.5\\\\\\\\\\\\\\\\s0.02\\\\\\\\s0\\\\\\\\\\\\\\\\s0\\\\\\\\\\\\\\\\s40\\\\\\\\\\\\\\\\s5\\\\\\\\\\\\\\\\s0\\\\\\\\\\\\\\\\s0\\\\\\\\\\\\\\\\s0.5\\\\\\\\s33\\\\\\\\\\\\\\\\s1.5\\\\\\\\\\\\\\\\s0.02\\\\\\\\s32\\\\\\\\\\\\\\\\s1.5\\\\\\\\\\\\\\\\s0.02\\\\\\\\s32\\\\\\\\\\\\\\\\s1.5\\\\\\\\\\\\\\\\s0.02\\\\s1\\\\\\\\smy_NAND_1\\\\\\\\s33\\\\\\\\\\\\\\\\s1.5\\\\\\\\\\\\\\\\s0.02\\\\\\\\s0\\\\\\\\\\\\\\\\s0\\\\\\\\\\\\\\\\s40\\\\\\\\\\\\\\\\s5\\\\\\\\\\\\\\\\s0\\\\\\\\\\\\\\\\s0\\\\\\\\\\\\\\\\s0.5\\\\\\\\s33\\\\\\\\\\\\\\\\s1.5\\\\\\\\\\\\\\\\s0.02\\\\\\\\s32\\\\\\\\\\\\\\\\s1.5\\\\\\\\\\\\\\\\s0.02\\\\\\\\s32\\\\\\\\\\\\\\\\s1.5\\\\\\\\\\\\\\\\s0.02\\\\s1\\\\\\\\smy_NAND_1\\\\\\\\s33\\\\\\\\\\\\\\\\s1.5\\\\\\\\\\\\\\\\s0.02\\\\\\\\s0\\\\\\\\\\\\\\\\s0\\\\\\\\\\\\\\\\s40\\\\\\\\\\\\\\\\s5\\\\\\\\\\\\\\\\s0\\\\\\\\\\\\\\\\s0\\\\\\\\\\\\\\\\s0.5\\\\\\\\s33\\\\\\\\\\\\\\\\s1.5\\\\\\\\\\\\\\\\s0.02\\\\\\\\s32\\\\\\\\\\\\\\\\s1.5\\\\\\\\\\\\\\\\s0.02\\\\\\\\s32\\\\\\\\\\\\\\\\s1.5\\\\\\\\\\\\\\\\s0.02\\s0\\\\s2\\\\s0\\\\s5\s0\\s2\\s0\\s5\s1\\s全加器\\s1\\\\s半加器\\\\s1\\\\\\\\smy_NAND_1\\\\\\\\s33\\\\\\\\\\\\\\\\s1.5\\\\\\\\\\\\\\\\s0.02\\\\\\\\s0\\\\\\\\\\\\\\\\s0\\\\\\\\\\\\\\\\s40\\\\\\\\\\\\\\\\s5\\\\\\\\\\\\\\\\s0\\\\\\\\\\\\\\\\s0\\\\\\\\\\\\\\\\s0.5\\\\\\\\s33\\\\\\\\\\\\\\\\s1.5\\\\\\\\\\\\\\\\s0.02\\\\\\\\s32\\\\\\\\\\\\\\\\s1.5\\\\\\\\\\\\\\\\s0.02\\\\\\\\s32\\\\\\\\\\\\\\\\s1.5\\\\\\\\\\\\\\\\s0.02\\\\s1\\\\\\\\smy_NAND_1\\\\\\\\s33\\\\\\\\\\\\\\\\s1.5\\\\\\\\\\\\\\\\s0.02\\\\\\\\s0\\\\\\\\\\\\\\\\s0\\\\\\\\\\\\\\\\s40\\\\\\\\\\\\\\\\s5\\\\\\\\\\\\\\\\s0\\\\\\\\\\\\\\\\s0\\\\\\\\\\\\\\\\s0.5\\\\\\\\s33\\\\\\\\\\\\\\\\s1.5\\\\\\\\\\\\\\\\s0.02\\\\\\\\s32\\\\\\\\\\\\\\\\s1.5\\\\\\\\\\\\\\\\s0.02\\\\\\\\s32\\\\\\\\\\\\\\\\s1.5\\\\\\\\\\\\\\\\s0.02\\\\s1\\\\\\\\smy_NAND_1\\\\\\\\s33\\\\\\\\\\\\\\\\s1.5\\\\\\\\\\\\\\\\s0.02\\\\\\\\s0\\\\\\\\\\\\\\\\s0\\\\\\\\\\\\\\\\s40\\\\\\\\\\\\\\\\s5\\\\\\\\\\\\\\\\s0\\\\\\\\\\\\\\\\s0\\\\\\\\\\\\\\\\s0.5\\\\\\\\s33\\\\\\\\\\\\\\\\s1.5\\\\\\\\\\\\\\\\s0.02\\\\\\\\s32\\\\\\\\\\\\\\\\s1.5\\\\\\\\\\\\\\\\s0.02\\\\\\\\s32\\\\\\\\\\\\\\\\s1.5\\\\\\\\\\\\\\\\s0.02\\\\s1\\\\\\\\smy_NAND_1\\\\\\\\s33\\\\\\\\\\\\\\\\s1.5\\\\\\\\\\\\\\\\s0.02\\\\\\\\s0\\\\\\\\\\\\\\\\s0\\\\\\\\\\\\\\\\s40\\\\\\\\\\\\\\\\s5\\\\\\\\\\\\\\\\s0\\\\\\\\\\\\\\\\s0\\\\\\\\\\\\\\\\s0.5\\\\\\\\s33\\\\\\\\\\\\\\\\s1.5\\\\\\\\\\\\\\\\s0.02\\\\\\\\s32\\\\\\\\\\\\\\\\s1.5\\\\\\\\\\\\\\\\s0.02\\\\\\\\s32\\\\\\\\\\\\\\\\s1.5\\\\\\\\\\\\\\\\s0.02\\\\s1\\\\\\\\smy_NAND_1\\\\\\\\s33\\\\\\\\\\\\\\\\s1.5\\\\\\\\\\\\\\\\s0.02\\\\\\\\s0\\\\\\\\\\\\\\\\s0\\\\\\\\\\\\\\\\s40\\\\\\\\\\\\\\\\s5\\\\\\\\\\\\\\\\s0\\\\\\\\\\\\\\\\s0\\\\\\\\\\\\\\\\s0.5\\\\\\\\s33\\\\\\\\\\\\\\\\s1.5\\\\\\\\\\\\\\\\s0.02\\\\\\\\s32\\\\\\\\\\\\\\\\s1.5\\\\\\\\\\\\\\\\s0.02\\\\\\\\s32\\\\\\\\\\\\\\\\s1.5\\\\\\\\\\\\\\\\s0.02\\\\s1\\\\\\\\smy_NAND_1\\\\\\\\s33\\\\\\\\\\\\\\\\s1.5\\\\\\\\\\\\\\\\s0.02\\\\\\\\s0\\\\\\\\\\\\\\\\s0\\\\\\\\\\\\\\\\s40\\\\\\\\\\\\\\\\s5\\\\\\\\\\\\\\\\s0\\\\\\\\\\\\\\\\s0\\\\\\\\\\\\\\\\s0.5\\\\\\\\s33\\\\\\\\\\\\\\\\s1.5\\\\\\\\\\\\\\\\s0.02\\\\\\\\s32\\\\\\\\\\\\\\\\s1.5\\\\\\\\\\\\\\\\s0.02\\\\\\\\s32\\\\\\\\\\\\\\\\s1.5\\\\\\\\\\\\\\\\s0.02\\\\s1\\\\\\\\smy_NAND_1\\\\\\\\s33\\\\\\\\\\\\\\\\s1.5\\\\\\\\\\\\\\\\s0.02\\\\\\\\s0\\\\\\\\\\\\\\\\s0\\\\\\\\\\\\\\\\s40\\\\\\\\\\\\\\\\s5\\\\\\\\\\\\\\\\s0\\\\\\\\\\\\\\\\s0\\\\\\\\\\\\\\\\s0.5\\\\\\\\s33\\\\\\\\\\\\\\\\s1.5\\\\\\\\\\\\\\\\s0.02\\\\\\\\s32\\\\\\\\\\\\\\\\s1.5\\\\\\\\\\\\\\\\s0.02\\\\\\\\s32\\\\\\\\\\\\\\\\s1.5\\\\\\\\\\\\\\\\s0.02\\s1\\\\s半加器\\\\s1\\\\\\\\smy_NAND_1\\\\\\\\s33\\\\\\\\\\\\\\\\s1.5\\\\\\\\\\\\\\\\s0.02\\\\\\\\s0\\\\\\\\\\\\\\\\s0\\\\\\\\\\\\\\\\s40\\\\\\\\\\\\\\\\s5\\\\\\\\\\\\\\\\s0\\\\\\\\\\\\\\\\s0\\\\\\\\\\\\\\\\s0.5\\\\\\\\s33\\\\\\\\\\\\\\\\s1.5\\\\\\\\\\\\\\\\s0.02\\\\\\\\s32\\\\\\\\\\\\\\\\s1.5\\\\\\\\\\\\\\\\s0.02\\\\\\\\s32\\\\\\\\\\\\\\\\s1.5\\\\\\\\\\\\\\\\s0.02\\\\s1\\\\\\\\smy_NAND_1\\\\\\\\s33\\\\\\\\\\\\\\\\s1.5\\\\\\\\\\\\\\\\s0.02\\\\\\\\s0\\\\\\\\\\\\\\\\s0\\\\\\\\\\\\\\\\s40\\\\\\\\\\\\\\\\s5\\\\\\\\\\\\\\\\s0\\\\\\\\\\\\\\\\s0\\\\\\\\\\\\\\\\s0.5\\\\\\\\s33\\\\\\\\\\\\\\\\s1.5\\\\\\\\\\\\\\\\s0.02\\\\\\\\s32\\\\\\\\\\\\\\\\s1.5\\\\\\\\\\\\\\\\s0.02\\\\\\\\s32\\\\\\\\\\\\\\\\s1.5\\\\\\\\\\\\\\\\s0.02\\\\s1\\\\\\\\smy_NAND_1\\\\\\\\s33\\\\\\\\\\\\\\\\s1.5\\\\\\\\\\\\\\\\s0.02\\\\\\\\s0\\\\\\\\\\\\\\\\s0\\\\\\\\\\\\\\\\s40\\\\\\\\\\\\\\\\s5\\\\\\\\\\\\\\\\s0\\\\\\\\\\\\\\\\s0\\\\\\\\\\\\\\\\s0.5\\\\\\\\s33\\\\\\\\\\\\\\\\s1.5\\\\\\\\\\\\\\\\s0.02\\\\\\\\s32\\\\\\\\\\\\\\\\s1.5\\\\\\\\\\\\\\\\s0.02\\\\\\\\s32\\\\\\\\\\\\\\\\s1.5\\\\\\\\\\\\\\\\s0.02\\\\s1\\\\\\\\smy_NAND_1\\\\\\\\s33\\\\\\\\\\\\\\\\s1.5\\\\\\\\\\\\\\\\s0.02\\\\\\\\s0\\\\\\\\\\\\\\\\s0\\\\\\\\\\\\\\\\s40\\\\\\\\\\\\\\\\s5\\\\\\\\\\\\\\\\s0\\\\\\\\\\\\\\\\s0\\\\\\\\\\\\\\\\s0.5\\\\\\\\s33\\\\\\\\\\\\\\\\s1.5\\\\\\\\\\\\\\\\s0.02\\\\\\\\s32\\\\\\\\\\\\\\\\s1.5\\\\\\\\\\\\\\\\s0.02\\\\\\\\s32\\\\\\\\\\\\\\\\s1.5\\\\\\\\\\\\\\\\s0.02\\\\s1\\\\\\\\smy_NAND_1\\\\\\\\s33\\\\\\\\\\\\\\\\s1.5\\\\\\\\\\\\\\\\s0.02\\\\\\\\s0\\\\\\\\\\\\\\\\s0\\\\\\\\\\\\\\\\s40\\\\\\\\\\\\\\\\s5\\\\\\\\\\\\\\\\s0\\\\\\\\\\\\\\\\s0\\\\\\\\\\\\\\\\s0.5\\\\\\\\s33\\\\\\\\\\\\\\\\s1.5\\\\\\\\\\\\\\\\s0.02\\\\\\\\s32\\\\\\\\\\\\\\\\s1.5\\\\\\\\\\\\\\\\s0.02\\\\\\\\s32\\\\\\\\\\\\\\\\s1.5\\\\\\\\\\\\\\\\s0.02\\\\s1\\\\\\\\smy_NAND_1\\\\\\\\s33\\\\\\\\\\\\\\\\s1.5\\\\\\\\\\\\\\\\s0.02\\\\\\\\s0\\\\\\\\\\\\\\\\s0\\\\\\\\\\\\\\\\s40\\\\\\\\\\\\\\\\s5\\\\\\\\\\\\\\\\s0\\\\\\\\\\\\\\\\s0\\\\\\\\\\\\\\\\s0.5\\\\\\\\s33\\\\\\\\\\\\\\\\s1.5\\\\\\\\\\\\\\\\s0.02\\\\\\\\s32\\\\\\\\\\\\\\\\s1.5\\\\\\\\\\\\\\\\s0.02\\\\\\\\s32\\\\\\\\\\\\\\\\s1.5\\\\\\\\\\\\\\\\s0.02\\\\s1\\\\\\\\smy_NAND_1\\\\\\\\s33\\\\\\\\\\\\\\\\s1.5\\\\\\\\\\\\\\\\s0.02\\\\\\\\s0\\\\\\\\\\\\\\\\s0\\\\\\\\\\\\\\\\s40\\\\\\\\\\\\\\\\s5\\\\\\\\\\\\\\\\s0\\\\\\\\\\\\\\\\s0\\\\\\\\\\\\\\\\s0.5\\\\\\\\s33\\\\\\\\\\\\\\\\s1.5\\\\\\\\\\\\\\\\s0.02\\\\\\\\s32\\\\\\\\\\\\\\\\s1.5\\\\\\\\\\\\\\\\s0.02\\\\\\\\s32\\\\\\\\\\\\\\\\s1.5\\\\\\\\\\\\\\\\s0.02\\s0\\\\s2\\\\s0\\\\s5\s0\\s2\\s0\\s5\s1\\s全加器\\s1\\\\s半加器\\\\s1\\\\\\\\smy_NAND_1\\\\\\\\s33\\\\\\\\\\\\\\\\s1.5\\\\\\\\\\\\\\\\s0.02\\\\\\\\s0\\\\\\\\\\\\\\\\s0\\\\\\\\\\\\\\\\s40\\\\\\\\\\\\\\\\s5\\\\\\\\\\\\\\\\s0\\\\\\\\\\\\\\\\s0\\\\\\\\\\\\\\\\s0.5\\\\\\\\s33\\\\\\\\\\\\\\\\s1.5\\\\\\\\\\\\\\\\s0.02\\\\\\\\s32\\\\\\\\\\\\\\\\s1.5\\\\\\\\\\\\\\\\s0.02\\\\\\\\s32\\\\\\\\\\\\\\\\s1.5\\\\\\\\\\\\\\\\s0.02\\\\s1\\\\\\\\smy_NAND_1\\\\\\\\s33\\\\\\\\\\\\\\\\s1.5\\\\\\\\\\\\\\\\s0.02\\\\\\\\s0\\\\\\\\\\\\\\\\s0\\\\\\\\\\\\\\\\s40\\\\\\\\\\\\\\\\s5\\\\\\\\\\\\\\\\s0\\\\\\\\\\\\\\\\s0\\\\\\\\\\\\\\\\s0.5\\\\\\\\s33\\\\\\\\\\\\\\\\s1.5\\\\\\\\\\\\\\\\s0.02\\\\\\\\s32\\\\\\\\\\\\\\\\s1.5\\\\\\\\\\\\\\\\s0.02\\\\\\\\s32\\\\\\\\\\\\\\\\s1.5\\\\\\\\\\\\\\\\s0.02\\\\s1\\\\\\\\smy_NAND_1\\\\\\\\s33\\\\\\\\\\\\\\\\s1.5\\\\\\\\\\\\\\\\s0.02\\\\\\\\s0\\\\\\\\\\\\\\\\s0\\\\\\\\\\\\\\\\s40\\\\\\\\\\\\\\\\s5\\\\\\\\\\\\\\\\s0\\\\\\\\\\\\\\\\s0\\\\\\\\\\\\\\\\s0.5\\\\\\\\s33\\\\\\\\\\\\\\\\s1.5\\\\\\\\\\\\\\\\s0.02\\\\\\\\s32\\\\\\\\\\\\\\\\s1.5\\\\\\\\\\\\\\\\s0.02\\\\\\\\s32\\\\\\\\\\\\\\\\s1.5\\\\\\\\\\\\\\\\s0.02\\\\s1\\\\\\\\smy_NAND_1\\\\\\\\s33\\\\\\\\\\\\\\\\s1.5\\\\\\\\\\\\\\\\s0.02\\\\\\\\s0\\\\\\\\\\\\\\\\s0\\\\\\\\\\\\\\\\s40\\\\\\\\\\\\\\\\s5\\\\\\\\\\\\\\\\s0\\\\\\\\\\\\\\\\s0\\\\\\\\\\\\\\\\s0.5\\\\\\\\s33\\\\\\\\\\\\\\\\s1.5\\\\\\\\\\\\\\\\s0.02\\\\\\\\s32\\\\\\\\\\\\\\\\s1.5\\\\\\\\\\\\\\\\s0.02\\\\\\\\s32\\\\\\\\\\\\\\\\s1.5\\\\\\\\\\\\\\\\s0.02\\\\s1\\\\\\\\smy_NAND_1\\\\\\\\s33\\\\\\\\\\\\\\\\s1.5\\\\\\\\\\\\\\\\s0.02\\\\\\\\s0\\\\\\\\\\\\\\\\s0\\\\\\\\\\\\\\\\s40\\\\\\\\\\\\\\\\s5\\\\\\\\\\\\\\\\s0\\\\\\\\\\\\\\\\s0\\\\\\\\\\\\\\\\s0.5\\\\\\\\s33\\\\\\\\\\\\\\\\s1.5\\\\\\\\\\\\\\\\s0.02\\\\\\\\s32\\\\\\\\\\\\\\\\s1.5\\\\\\\\\\\\\\\\s0.02\\\\\\\\s32\\\\\\\\\\\\\\\\s1.5\\\\\\\\\\\\\\\\s0.02\\\\s1\\\\\\\\smy_NAND_1\\\\\\\\s33\\\\\\\\\\\\\\\\s1.5\\\\\\\\\\\\\\\\s0.02\\\\\\\\s0\\\\\\\\\\\\\\\\s0\\\\\\\\\\\\\\\\s40\\\\\\\\\\\\\\\\s5\\\\\\\\\\\\\\\\s0\\\\\\\\\\\\\\\\s0\\\\\\\\\\\\\\\\s0.5\\\\\\\\s33\\\\\\\\\\\\\\\\s1.5\\\\\\\\\\\\\\\\s0.02\\\\\\\\s32\\\\\\\\\\\\\\\\s1.5\\\\\\\\\\\\\\\\s0.02\\\\\\\\s32\\\\\\\\\\\\\\\\s1.5\\\\\\\\\\\\\\\\s0.02\\\\s1\\\\\\\\smy_NAND_1\\\\\\\\s33\\\\\\\\\\\\\\\\s1.5\\\\\\\\\\\\\\\\s0.02\\\\\\\\s0\\\\\\\\\\\\\\\\s0\\\\\\\\\\\\\\\\s40\\\\\\\\\\\\\\\\s5\\\\\\\\\\\\\\\\s0\\\\\\\\\\\\\\\\s0\\\\\\\\\\\\\\\\s0.5\\\\\\\\s33\\\\\\\\\\\\\\\\s1.5\\\\\\\\\\\\\\\\s0.02\\\\\\\\s32\\\\\\\\\\\\\\\\s1.5\\\\\\\\\\\\\\\\s0.02\\\\\\\\s32\\\\\\\\\\\\\\\\s1.5\\\\\\\\\\\\\\\\s0.02\\s1\\\\s半加器\\\\s1\\\\\\\\smy_NAND_1\\\\\\\\s33\\\\\\\\\\\\\\\\s1.5\\\\\\\\\\\\\\\\s0.02\\\\\\\\s0\\\\\\\\\\\\\\\\s0\\\\\\\\\\\\\\\\s40\\\\\\\\\\\\\\\\s5\\\\\\\\\\\\\\\\s0\\\\\\\\\\\\\\\\s0\\\\\\\\\\\\\\\\s0.5\\\\\\\\s33\\\\\\\\\\\\\\\\s1.5\\\\\\\\\\\\\\\\s0.02\\\\\\\\s32\\\\\\\\\\\\\\\\s1.5\\\\\\\\\\\\\\\\s0.02\\\\\\\\s32\\\\\\\\\\\\\\\\s1.5\\\\\\\\\\\\\\\\s0.02\\\\s1\\\\\\\\smy_NAND_1\\\\\\\\s33\\\\\\\\\\\\\\\\s1.5\\\\\\\\\\\\\\\\s0.02\\\\\\\\s0\\\\\\\\\\\\\\\\s0\\\\\\\\\\\\\\\\s40\\\\\\\\\\\\\\\\s5\\\\\\\\\\\\\\\\s0\\\\\\\\\\\\\\\\s0\\\\\\\\\\\\\\\\s0.5\\\\\\\\s33\\\\\\\\\\\\\\\\s1.5\\\\\\\\\\\\\\\\s0.02\\\\\\\\s32\\\\\\\\\\\\\\\\s1.5\\\\\\\\\\\\\\\\s0.02\\\\\\\\s32\\\\\\\\\\\\\\\\s1.5\\\\\\\\\\\\\\\\s0.02\\\\s1\\\\\\\\smy_NAND_1\\\\\\\\s33\\\\\\\\\\\\\\\\s1.5\\\\\\\\\\\\\\\\s0.02\\\\\\\\s0\\\\\\\\\\\\\\\\s0\\\\\\\\\\\\\\\\s40\\\\\\\\\\\\\\\\s5\\\\\\\\\\\\\\\\s0\\\\\\\\\\\\\\\\s0\\\\\\\\\\\\\\\\s0.5\\\\\\\\s33\\\\\\\\\\\\\\\\s1.5\\\\\\\\\\\\\\\\s0.02\\\\\\\\s32\\\\\\\\\\\\\\\\s1.5\\\\\\\\\\\\\\\\s0.02\\\\\\\\s32\\\\\\\\\\\\\\\\s1.5\\\\\\\\\\\\\\\\s0.02\\\\s1\\\\\\\\smy_NAND_1\\\\\\\\s33\\\\\\\\\\\\\\\\s1.5\\\\\\\\\\\\\\\\s0.02\\\\\\\\s0\\\\\\\\\\\\\\\\s0\\\\\\\\\\\\\\\\s40\\\\\\\\\\\\\\\\s5\\\\\\\\\\\\\\\\s0\\\\\\\\\\\\\\\\s0\\\\\\\\\\\\\\\\s0.5\\\\\\\\s33\\\\\\\\\\\\\\\\s1.5\\\\\\\\\\\\\\\\s0.02\\\\\\\\s32\\\\\\\\\\\\\\\\s1.5\\\\\\\\\\\\\\\\s0.02\\\\\\\\s32\\\\\\\\\\\\\\\\s1.5\\\\\\\\\\\\\\\\s0.02\\\\s1\\\\\\\\smy_NAND_1\\\\\\\\s33\\\\\\\\\\\\\\\\s1.5\\\\\\\\\\\\\\\\s0.02\\\\\\\\s0\\\\\\\\\\\\\\\\s0\\\\\\\\\\\\\\\\s40\\\\\\\\\\\\\\\\s5\\\\\\\\\\\\\\\\s0\\\\\\\\\\\\\\\\s0\\\\\\\\\\\\\\\\s0.5\\\\\\\\s33\\\\\\\\\\\\\\\\s1.5\\\\\\\\\\\\\\\\s0.02\\\\\\\\s32\\\\\\\\\\\\\\\\s1.5\\\\\\\\\\\\\\\\s0.02\\\\\\\\s32\\\\\\\\\\\\\\\\s1.5\\\\\\\\\\\\\\\\s0.02\\\\s1\\\\\\\\smy_NAND_1\\\\\\\\s33\\\\\\\\\\\\\\\\s1.5\\\\\\\\\\\\\\\\s0.02\\\\\\\\s0\\\\\\\\\\\\\\\\s0\\\\\\\\\\\\\\\\s40\\\\\\\\\\\\\\\\s5\\\\\\\\\\\\\\\\s0\\\\\\\\\\\\\\\\s0\\\\\\\\\\\\\\\\s0.5\\\\\\\\s33\\\\\\\\\\\\\\\\s1.5\\\\\\\\\\\\\\\\s0.02\\\\\\\\s32\\\\\\\\\\\\\\\\s1.5\\\\\\\\\\\\\\\\s0.02\\\\\\\\s32\\\\\\\\\\\\\\\\s1.5\\\\\\\\\\\\\\\\s0.02\\\\s1\\\\\\\\smy_NAND_1\\\\\\\\s33\\\\\\\\\\\\\\\\s1.5\\\\\\\\\\\\\\\\s0.02\\\\\\\\s0\\\\\\\\\\\\\\\\s0\\\\\\\\\\\\\\\\s40\\\\\\\\\\\\\\\\s5\\\\\\\\\\\\\\\\s0\\\\\\\\\\\\\\\\s0\\\\\\\\\\\\\\\\s0.5\\\\\\\\s33\\\\\\\\\\\\\\\\s1.5\\\\\\\\\\\\\\\\s0.02\\\\\\\\s32\\\\\\\\\\\\\\\\s1.5\\\\\\\\\\\\\\\\s0.02\\\\\\\\s32\\\\\\\\\\\\\\\\s1.5\\\\\\\\\\\\\\\\s0.02\\s0\\\\s2\\\\s0\\\\s5
410 1912 -408 1928 -384 3 乘法器 1\s半加器\s1\\smy_NAND_1\\s33\\\\s1.5\\\\s0.02\\s0\\\\s0\\\\s40\\\\s5\\\\s0\\\\s0\\\\s0.5\\s33\\\\s1.5\\\\s0.02\\s32\\\\s1.5\\\\s0.02\\s32\\\\s1.5\\\\s0.02\s1\\smy_NAND_1\\s33\\\\s1.5\\\\s0.02\\s0\\\\s0\\\\s40\\\\s5\\\\s0\\\\s0\\\\s0.5\\s33\\\\s1.5\\\\s0.02\\s32\\\\s1.5\\\\s0.02\\s32\\\\s1.5\\\\s0.02\s1\\smy_NAND_1\\s33\\\\s1.5\\\\s0.02\\s0\\\\s0\\\\s40\\\\s5\\\\s0\\\\s0\\\\s0.5\\s33\\\\s1.5\\\\s0.02\\s32\\\\s1.5\\\\s0.02\\s32\\\\s1.5\\\\s0.02\s1\\smy_NAND_1\\s33\\\\s1.5\\\\s0.02\\s0\\\\s0\\\\s40\\\\s5\\\\s0\\\\s0\\\\s0.5\\s33\\\\s1.5\\\\s0.02\\s32\\\\s1.5\\\\s0.02\\s32\\\\s1.5\\\\s0.02\s1\\smy_NAND_1\\s33\\\\s1.5\\\\s0.02\\s0\\\\s0\\\\s40\\\\s5\\\\s0\\\\s0\\\\s0.5\\s33\\\\s1.5\\\\s0.02\\s32\\\\s1.5\\\\s0.02\\s32\\\\s1.5\\\\s0.02\s1\\smy_NAND_1\\s33\\\\s1.5\\\\s0.02\\s0\\\\s0\\\\s40\\\\s5\\\\s0\\\\s0\\\\s0.5\\s33\\\\s1.5\\\\s0.02\\s32\\\\s1.5\\\\s0.02\\s32\\\\s1.5\\\\s0.02\s1\\smy_NAND_1\\s33\\\\s1.5\\\\s0.02\\s0\\\\s0\\\\s40\\\\s5\\\\s0\\\\s0\\\\s0.5\\s33\\\\s1.5\\\\s0.02\\s32\\\\s1.5\\\\s0.02\\s32\\\\s1.5\\\\s0.02 0\s2\s5\s5 0\s2\s5\s5 0\s2\s5\s5 0\s2\s5\s5 0\s2\s5\s5 1\s全加器\s1\\s半加器\\s1\\\\smy_NAND_1\\\\s33\\\\\\\\s1.5\\\\\\\\s0.02\\\\s0\\\\\\\\s0\\\\\\\\s40\\\\\\\\s5\\\\\\\\s0\\\\\\\\s0\\\\\\\\s0.5\\\\s33\\\\\\\\s1.5\\\\\\\\s0.02\\\\s32\\\\\\\\s1.5\\\\\\\\s0.02\\\\s32\\\\\\\\s1.5\\\\\\\\s0.02\\s1\\\\smy_NAND_1\\\\s33\\\\\\\\s1.5\\\\\\\\s0.02\\\\s0\\\\\\\\s0\\\\\\\\s40\\\\\\\\s5\\\\\\\\s0\\\\\\\\s0\\\\\\\\s0.5\\\\s33\\\\\\\\s1.5\\\\\\\\s0.02\\\\s32\\\\\\\\s1.5\\\\\\\\s0.02\\\\s32\\\\\\\\s1.5\\\\\\\\s0.02\\s1\\\\smy_NAND_1\\\\s33\\\\\\\\s1.5\\\\\\\\s0.02\\\\s0\\\\\\\\s0\\\\\\\\s40\\\\\\\\s5\\\\\\\\s0\\\\\\\\s0\\\\\\\\s0.5\\\\s33\\\\\\\\s1.5\\\\\\\\s0.02\\\\s32\\\\\\\\s1.5\\\\\\\\s0.02\\\\s32\\\\\\\\s1.5\\\\\\\\s0.02\\s1\\\\smy_NAND_1\\\\s33\\\\\\\\s1.5\\\\\\\\s0.02\\\\s0\\\\\\\\s0\\\\\\\\s40\\\\\\\\s5\\\\\\\\s0\\\\\\\\s0\\\\\\\\s0.5\\\\s33\\\\\\\\s1.5\\\\\\\\s0.02\\\\s32\\\\\\\\s1.5\\\\\\\\s0.02\\\\s32\\\\\\\\s1.5\\\\\\\\s0.02\\s1\\\\smy_NAND_1\\\\s33\\\\\\\\s1.5\\\\\\\\s0.02\\\\s0\\\\\\\\s0\\\\\\\\s40\\\\\\\\s5\\\\\\\\s0\\\\\\\\s0\\\\\\\\s0.5\\\\s33\\\\\\\\s1.5\\\\\\\\s0.02\\\\s32\\\\\\\\s1.5\\\\\\\\s0.02\\\\s32\\\\\\\\s1.5\\\\\\\\s0.02\\s1\\\\smy_NAND_1\\\\s33\\\\\\\\s1.5\\\\\\\\s0.02\\\\s0\\\\\\\\s0\\\\\\\\s40\\\\\\\\s5\\\\\\\\s0\\\\\\\\s0\\\\\\\\s0.5\\\\s33\\\\\\\\s1.5\\\\\\\\s0.02\\\\s32\\\\\\\\s1.5\\\\\\\\s0.02\\\\s32\\\\\\\\s1.5\\\\\\\\s0.02\\s1\\\\smy_NAND_1\\\\s33\\\\\\\\s1.5\\\\\\\\s0.02\\\\s0\\\\\\\\s0\\\\\\\\s40\\\\\\\\s5\\\\\\\\s0\\\\\\\\s0\\\\\\\\s0.5\\\\s33\\\\\\\\s1.5\\\\\\\\s0.02\\\\s32\\\\\\\\s1.5\\\\\\\\s0.02\\\\s32\\\\\\\\s1.5\\\\\\\\s0.02\s1\\s半加器\\s1\\\\smy_NAND_1\\\\s33\\\\\\\\s1.5\\\\\\\\s0.02\\\\s0\\\\\\\\s0\\\\\\\\s40\\\\\\\\s5\\\\\\\\s0\\\\\\\\s0\\\\\\\\s0.5\\\\s33\\\\\\\\s1.5\\\\\\\\s0.02\\\\s32\\\\\\\\s1.5\\\\\\\\s0.02\\\\s32\\\\\\\\s1.5\\\\\\\\s0.02\\s1\\\\smy_NAND_1\\\\s33\\\\\\\\s1.5\\\\\\\\s0.02\\\\s0\\\\\\\\s0\\\\\\\\s40\\\\\\\\s5\\\\\\\\s0\\\\\\\\s0\\\\\\\\s0.5\\\\s33\\\\\\\\s1.5\\\\\\\\s0.02\\\\s32\\\\\\\\s1.5\\\\\\\\s0.02\\\\s32\\\\\\\\s1.5\\\\\\\\s0.02\\s1\\\\smy_NAND_1\\\\s33\\\\\\\\s1.5\\\\\\\\s0.02\\\\s0\\\\\\\\s0\\\\\\\\s40\\\\\\\\s5\\\\\\\\s0\\\\\\\\s0\\\\\\\\s0.5\\\\s33\\\\\\\\s1.5\\\\\\\\s0.02\\\\s32\\\\\\\\s1.5\\\\\\\\s0.02\\\\s32\\\\\\\\s1.5\\\\\\\\s0.02\\s1\\\\smy_NAND_1\\\\s33\\\\\\\\s1.5\\\\\\\\s0.02\\\\s0\\\\\\\\s0\\\\\\\\s40\\\\\\\\s5\\\\\\\\s0\\\\\\\\s0\\\\\\\\s0.5\\\\s33\\\\\\\\s1.5\\\\\\\\s0.02\\\\s32\\\\\\\\s1.5\\\\\\\\s0.02\\\\s32\\\\\\\\s1.5\\\\\\\\s0.02\\s1\\\\smy_NAND_1\\\\s33\\\\\\\\s1.5\\\\\\\\s0.02\\\\s0\\\\\\\\s0\\\\\\\\s40\\\\\\\\s5\\\\\\\\s0\\\\\\\\s0\\\\\\\\s0.5\\\\s33\\\\\\\\s1.5\\\\\\\\s0.02\\\\s32\\\\\\\\s1.5\\\\\\\\s0.02\\\\s32\\\\\\\\s1.5\\\\\\\\s0.02\\s1\\\\smy_NAND_1\\\\s33\\\\\\\\s1.5\\\\\\\\s0.02\\\\s0\\\\\\\\s0\\\\\\\\s40\\\\\\\\s5\\\\\\\\s0\\\\\\\\s0\\\\\\\\s0.5\\\\s33\\\\\\\\s1.5\\\\\\\\s0.02\\\\s32\\\\\\\\s1.5\\\\\\\\s0.02\\\\s32\\\\\\\\s1.5\\\\\\\\s0.02\\s1\\\\smy_NAND_1\\\\s33\\\\\\\\s1.5\\\\\\\\s0.02\\\\s0\\\\\\\\s0\\\\\\\\s40\\\\\\\\s5\\\\\\\\s0\\\\\\\\s0\\\\\\\\s0.5\\\\s33\\\\\\\\s1.5\\\\\\\\s0.02\\\\s32\\\\\\\\s1.5\\\\\\\\s0.02\\\\s32\\\\\\\\s1.5\\\\\\\\s0.02\s0\\s2\\s5\\s5 0\s2\s5\s5 0\s2\s5\s5 1\s全加器\s1\\s半加器\\s1\\\\smy_NAND_1\\\\s33\\\\\\\\s1.5\\\\\\\\s0.02\\\\s0\\\\\\\\s0\\\\\\\\s40\\\\\\\\s5\\\\\\\\s0\\\\\\\\s0\\\\\\\\s0.5\\\\s33\\\\\\\\s1.5\\\\\\\\s0.02\\\\s32\\\\\\\\s1.5\\\\\\\\s0.02\\\\s32\\\\\\\\s1.5\\\\\\\\s0.02\\s1\\\\smy_NAND_1\\\\s33\\\\\\\\s1.5\\\\\\\\s0.02\\\\s0\\\\\\\\s0\\\\\\\\s40\\\\\\\\s5\\\\\\\\s0\\\\\\\\s0\\\\\\\\s0.5\\\\s33\\\\\\\\s1.5\\\\\\\\s0.02\\\\s32\\\\\\\\s1.5\\\\\\\\s0.02\\\\s32\\\\\\\\s1.5\\\\\\\\s0.02\\s1\\\\smy_NAND_1\\\\s33\\\\\\\\s1.5\\\\\\\\s0.02\\\\s0\\\\\\\\s0\\\\\\\\s40\\\\\\\\s5\\\\\\\\s0\\\\\\\\s0\\\\\\\\s0.5\\\\s33\\\\\\\\s1.5\\\\\\\\s0.02\\\\s32\\\\\\\\s1.5\\\\\\\\s0.02\\\\s32\\\\\\\\s1.5\\\\\\\\s0.02\\s1\\\\smy_NAND_1\\\\s33\\\\\\\\s1.5\\\\\\\\s0.02\\\\s0\\\\\\\\s0\\\\\\\\s40\\\\\\\\s5\\\\\\\\s0\\\\\\\\s0\\\\\\\\s0.5\\\\s33\\\\\\\\s1.5\\\\\\\\s0.02\\\\s32\\\\\\\\s1.5\\\\\\\\s0.02\\\\s32\\\\\\\\s1.5\\\\\\\\s0.02\\s1\\\\smy_NAND_1\\\\s33\\\\\\\\s1.5\\\\\\\\s0.02\\\\s0\\\\\\\\s0\\\\\\\\s40\\\\\\\\s5\\\\\\\\s0\\\\\\\\s0\\\\\\\\s0.5\\\\s33\\\\\\\\s1.5\\\\\\\\s0.02\\\\s32\\\\\\\\s1.5\\\\\\\\s0.02\\\\s32\\\\\\\\s1.5\\\\\\\\s0.02\\s1\\\\smy_NAND_1\\\\s33\\\\\\\\s1.5\\\\\\\\s0.02\\\\s0\\\\\\\\s0\\\\\\\\s40\\\\\\\\s5\\\\\\\\s0\\\\\\\\s0\\\\\\\\s0.5\\\\s33\\\\\\\\s1.5\\\\\\\\s0.02\\\\s32\\\\\\\\s1.5\\\\\\\\s0.02\\\\s32\\\\\\\\s1.5\\\\\\\\s0.02\\s1\\\\smy_NAND_1\\\\s33\\\\\\\\s1.5\\\\\\\\s0.02\\\\s0\\\\\\\\s0\\\\\\\\s40\\\\\\\\s5\\\\\\\\s0\\\\\\\\s0\\\\\\\\s0.5\\\\s33\\\\\\\\s1.5\\\\\\\\s0.02\\\\s32\\\\\\\\s1.5\\\\\\\\s0.02\\\\s32\\\\\\\\s1.5\\\\\\\\s0.02\s1\\s半加器\\s1\\\\smy_NAND_1\\\\s33\\\\\\\\s1.5\\\\\\\\s0.02\\\\s0\\\\\\\\s0\\\\\\\\s40\\\\\\\\s5\\\\\\\\s0\\\\\\\\s0\\\\\\\\s0.5\\\\s33\\\\\\\\s1.5\\\\\\\\s0.02\\\\s32\\\\\\\\s1.5\\\\\\\\s0.02\\\\s32\\\\\\\\s1.5\\\\\\\\s0.02\\s1\\\\smy_NAND_1\\\\s33\\\\\\\\s1.5\\\\\\\\s0.02\\\\s0\\\\\\\\s0\\\\\\\\s40\\\\\\\\s5\\\\\\\\s0\\\\\\\\s0\\\\\\\\s0.5\\\\s33\\\\\\\\s1.5\\\\\\\\s0.02\\\\s32\\\\\\\\s1.5\\\\\\\\s0.02\\\\s32\\\\\\\\s1.5\\\\\\\\s0.02\\s1\\\\smy_NAND_1\\\\s33\\\\\\\\s1.5\\\\\\\\s0.02\\\\s0\\\\\\\\s0\\\\\\\\s40\\\\\\\\s5\\\\\\\\s0\\\\\\\\s0\\\\\\\\s0.5\\\\s33\\\\\\\\s1.5\\\\\\\\s0.02\\\\s32\\\\\\\\s1.5\\\\\\\\s0.02\\\\s32\\\\\\\\s1.5\\\\\\\\s0.02\\s1\\\\smy_NAND_1\\\\s33\\\\\\\\s1.5\\\\\\\\s0.02\\\\s0\\\\\\\\s0\\\\\\\\s40\\\\\\\\s5\\\\\\\\s0\\\\\\\\s0\\\\\\\\s0.5\\\\s33\\\\\\\\s1.5\\\\\\\\s0.02\\\\s32\\\\\\\\s1.5\\\\\\\\s0.02\\\\s32\\\\\\\\s1.5\\\\\\\\s0.02\\s1\\\\smy_NAND_1\\\\s33\\\\\\\\s1.5\\\\\\\\s0.02\\\\s0\\\\\\\\s0\\\\\\\\s40\\\\\\\\s5\\\\\\\\s0\\\\\\\\s0\\\\\\\\s0.5\\\\s33\\\\\\\\s1.5\\\\\\\\s0.02\\\\s32\\\\\\\\s1.5\\\\\\\\s0.02\\\\s32\\\\\\\\s1.5\\\\\\\\s0.02\\s1\\\\smy_NAND_1\\\\s33\\\\\\\\s1.5\\\\\\\\s0.02\\\\s0\\\\\\\\s0\\\\\\\\s40\\\\\\\\s5\\\\\\\\s0\\\\\\\\s0\\\\\\\\s0.5\\\\s33\\\\\\\\s1.5\\\\\\\\s0.02\\\\s32\\\\\\\\s1.5\\\\\\\\s0.02\\\\s32\\\\\\\\s1.5\\\\\\\\s0.02\\s1\\\\smy_NAND_1\\\\s33\\\\\\\\s1.5\\\\\\\\s0.02\\\\s0\\\\\\\\s0\\\\\\\\s40\\\\\\\\s5\\\\\\\\s0\\\\\\\\s0\\\\\\\\s0.5\\\\s33\\\\\\\\s1.5\\\\\\\\s0.02\\\\s32\\\\\\\\s1.5\\\\\\\\s0.02\\\\s32\\\\\\\\s1.5\\\\\\\\s0.02\s0\\s2\\s5\\s5 0\s2\s5\s5 1\s半加器\s1\\smy_NAND_1\\s33\\\\s1.5\\\\s0.02\\s0\\\\s0\\\\s40\\\\s5\\\\s0\\\\s0\\\\s0.5\\s33\\\\s1.5\\\\s0.02\\s32\\\\s1.5\\\\s0.02\\s32\\\\s1.5\\\\s0.02\s1\\smy_NAND_1\\s33\\\\s1.5\\\\s0.02\\s0\\\\s0\\\\s40\\\\s5\\\\s0\\\\s0\\\\s0.5\\s33\\\\s1.5\\\\s0.02\\s32\\\\s1.5\\\\s0.02\\s32\\\\s1.5\\\\s0.02\s1\\smy_NAND_1\\s33\\\\s1.5\\\\s0.02\\s0\\\\s0\\\\s40\\\\s5\\\\s0\\\\s0\\\\s0.5\\s33\\\\s1.5\\\\s0.02\\s32\\\\s1.5\\\\s0.02\\s32\\\\s1.5\\\\s0.02\s1\\smy_NAND_1\\s33\\\\s1.5\\\\s0.02\\s0\\\\s0\\\\s40\\\\s5\\\\s0\\\\s0\\\\s0.5\\s33\\\\s1.5\\\\s0.02\\s32\\\\s1.5\\\\s0.02\\s32\\\\s1.5\\\\s0.02\s1\\smy_NAND_1\\s33\\\\s1.5\\\\s0.02\\s0\\\\s0\\\\s40\\\\s5\\\\s0\\\\s0\\\\s0.5\\s33\\\\s1.5\\\\s0.02\\s32\\\\s1.5\\\\s0.02\\s32\\\\s1.5\\\\s0.02\s1\\smy_NAND_1\\s33\\\\s1.5\\\\s0.02\\s0\\\\s0\\\\s40\\\\s5\\\\s0\\\\s0\\\\s0.5\\s33\\\\s1.5\\\\s0.02\\s32\\\\s1.5\\\\s0.02\\s32\\\\s1.5\\\\s0.02\s1\\smy_NAND_1\\s33\\\\s1.5\\\\s0.02\\s0\\\\s0\\\\s40\\\\s5\\\\s0\\\\s0\\\\s0.5\\s33\\\\s1.5\\\\s0.02\\s32\\\\s1.5\\\\s0.02\\s32\\\\s1.5\\\\s0.02 0\s2\s5\s5 1\s半加器\s1\\smy_NAND_1\\s33\\\\s1.5\\\\s0.02\\s0\\\\s0\\\\s40\\\\s5\\\\s0\\\\s0\\\\s0.5\\s33\\\\s1.5\\\\s0.02\\s32\\\\s1.5\\\\s0.02\\s32\\\\s1.5\\\\s0.02\s1\\smy_NAND_1\\s33\\\\s1.5\\\\s0.02\\s0\\\\s0\\\\s40\\\\s5\\\\s0\\\\s0\\\\s0.5\\s33\\\\s1.5\\\\s0.02\\s32\\\\s1.5\\\\s0.02\\s32\\\\s1.5\\\\s0.02\s1\\smy_NAND_1\\s33\\\\s1.5\\\\s0.02\\s0\\\\s0\\\\s40\\\\s5\\\\s0\\\\s0\\\\s0.5\\s33\\\\s1.5\\\\s0.02\\s32\\\\s1.5\\\\s0.02\\s32\\\\s1.5\\\\s0.02\s1\\smy_NAND_1\\s33\\\\s1.5\\\\s0.02\\s0\\\\s0\\\\s40\\\\s5\\\\s0\\\\s0\\\\s0.5\\s33\\\\s1.5\\\\s0.02\\s32\\\\s1.5\\\\s0.02\\s32\\\\s1.5\\\\s0.02\s1\\smy_NAND_1\\s33\\\\s1.5\\\\s0.02\\s0\\\\s0\\\\s40\\\\s5\\\\s0\\\\s0\\\\s0.5\\s33\\\\s1.5\\\\s0.02\\s32\\\\s1.5\\\\s0.02\\s32\\\\s1.5\\\\s0.02\s1\\smy_NAND_1\\s33\\\\s1.5\\\\s0.02\\s0\\\\s0\\\\s40\\\\s5\\\\s0\\\\s0\\\\s0.5\\s33\\\\s1.5\\\\s0.02\\s32\\\\s1.5\\\\s0.02\\s32\\\\s1.5\\\\s0.02\s1\\smy_NAND_1\\s33\\\\s1.5\\\\s0.02\\s0\\\\s0\\\\s40\\\\s5\\\\s0\\\\s0\\\\s0.5\\s33\\\\s1.5\\\\s0.02\\s32\\\\s1.5\\\\s0.02\\s32\\\\s1.5\\\\s0.02 0\s2\s5\s5 1\s全加器\s1\\s半加器\\s1\\\\smy_NAND_1\\\\s33\\\\\\\\s1.5\\\\\\\\s0.02\\\\s0\\\\\\\\s0\\\\\\\\s40\\\\\\\\s5\\\\\\\\s0\\\\\\\\s0\\\\\\\\s0.5\\\\s33\\\\\\\\s1.5\\\\\\\\s0.02\\\\s32\\\\\\\\s1.5\\\\\\\\s0.02\\\\s32\\\\\\\\s1.5\\\\\\\\s0.02\\s1\\\\smy_NAND_1\\\\s33\\\\\\\\s1.5\\\\\\\\s0.02\\\\s0\\\\\\\\s0\\\\\\\\s40\\\\\\\\s5\\\\\\\\s0\\\\\\\\s0\\\\\\\\s0.5\\\\s33\\\\\\\\s1.5\\\\\\\\s0.02\\\\s32\\\\\\\\s1.5\\\\\\\\s0.02\\\\s32\\\\\\\\s1.5\\\\\\\\s0.02\\s1\\\\smy_NAND_1\\\\s33\\\\\\\\s1.5\\\\\\\\s0.02\\\\s0\\\\\\\\s0\\\\\\\\s40\\\\\\\\s5\\\\\\\\s0\\\\\\\\s0\\\\\\\\s0.5\\\\s33\\\\\\\\s1.5\\\\\\\\s0.02\\\\s32\\\\\\\\s1.5\\\\\\\\s0.02\\\\s32\\\\\\\\s1.5\\\\\\\\s0.02\\s1\\\\smy_NAND_1\\\\s33\\\\\\\\s1.5\\\\\\\\s0.02\\\\s0\\\\\\\\s0\\\\\\\\s40\\\\\\\\s5\\\\\\\\s0\\\\\\\\s0\\\\\\\\s0.5\\\\s33\\\\\\\\s1.5\\\\\\\\s0.02\\\\s32\\\\\\\\s1.5\\\\\\\\s0.02\\\\s32\\\\\\\\s1.5\\\\\\\\s0.02\\s1\\\\smy_NAND_1\\\\s33\\\\\\\\s1.5\\\\\\\\s0.02\\\\s0\\\\\\\\s0\\\\\\\\s40\\\\\\\\s5\\\\\\\\s0\\\\\\\\s0\\\\\\\\s0.5\\\\s33\\\\\\\\s1.5\\\\\\\\s0.02\\\\s32\\\\\\\\s1.5\\\\\\\\s0.02\\\\s32\\\\\\\\s1.5\\\\\\\\s0.02\\s1\\\\smy_NAND_1\\\\s33\\\\\\\\s1.5\\\\\\\\s0.02\\\\s0\\\\\\\\s0\\\\\\\\s40\\\\\\\\s5\\\\\\\\s0\\\\\\\\s0\\\\\\\\s0.5\\\\s33\\\\\\\\s1.5\\\\\\\\s0.02\\\\s32\\\\\\\\s1.5\\\\\\\\s0.02\\\\s32\\\\\\\\s1.5\\\\\\\\s0.02\\s1\\\\smy_NAND_1\\\\s33\\\\\\\\s1.5\\\\\\\\s0.02\\\\s0\\\\\\\\s0\\\\\\\\s40\\\\\\\\s5\\\\\\\\s0\\\\\\\\s0\\\\\\\\s0.5\\\\s33\\\\\\\\s1.5\\\\\\\\s0.02\\\\s32\\\\\\\\s1.5\\\\\\\\s0.02\\\\s32\\\\\\\\s1.5\\\\\\\\s0.02\s1\\s半加器\\s1\\\\smy_NAND_1\\\\s33\\\\\\\\s1.5\\\\\\\\s0.02\\\\s0\\\\\\\\s0\\\\\\\\s40\\\\\\\\s5\\\\\\\\s0\\\\\\\\s0\\\\\\\\s0.5\\\\s33\\\\\\\\s1.5\\\\\\\\s0.02\\\\s32\\\\\\\\s1.5\\\\\\\\s0.02\\\\s32\\\\\\\\s1.5\\\\\\\\s0.02\\s1\\\\smy_NAND_1\\\\s33\\\\\\\\s1.5\\\\\\\\s0.02\\\\s0\\\\\\\\s0\\\\\\\\s40\\\\\\\\s5\\\\\\\\s0\\\\\\\\s0\\\\\\\\s0.5\\\\s33\\\\\\\\s1.5\\\\\\\\s0.02\\\\s32\\\\\\\\s1.5\\\\\\\\s0.02\\\\s32\\\\\\\\s1.5\\\\\\\\s0.02\\s1\\\\smy_NAND_1\\\\s33\\\\\\\\s1.5\\\\\\\\s0.02\\\\s0\\\\\\\\s0\\\\\\\\s40\\\\\\\\s5\\\\\\\\s0\\\\\\\\s0\\\\\\\\s0.5\\\\s33\\\\\\\\s1.5\\\\\\\\s0.02\\\\s32\\\\\\\\s1.5\\\\\\\\s0.02\\\\s32\\\\\\\\s1.5\\\\\\\\s0.02\\s1\\\\smy_NAND_1\\\\s33\\\\\\\\s1.5\\\\\\\\s0.02\\\\s0\\\\\\\\s0\\\\\\\\s40\\\\\\\\s5\\\\\\\\s0\\\\\\\\s0\\\\\\\\s0.5\\\\s33\\\\\\\\s1.5\\\\\\\\s0.02\\\\s32\\\\\\\\s1.5\\\\\\\\s0.02\\\\s32\\\\\\\\s1.5\\\\\\\\s0.02\\s1\\\\smy_NAND_1\\\\s33\\\\\\\\s1.5\\\\\\\\s0.02\\\\s0\\\\\\\\s0\\\\\\\\s40\\\\\\\\s5\\\\\\\\s0\\\\\\\\s0\\\\\\\\s0.5\\\\s33\\\\\\\\s1.5\\\\\\\\s0.02\\\\s32\\\\\\\\s1.5\\\\\\\\s0.02\\\\s32\\\\\\\\s1.5\\\\\\\\s0.02\\s1\\\\smy_NAND_1\\\\s33\\\\\\\\s1.5\\\\\\\\s0.02\\\\s0\\\\\\\\s0\\\\\\\\s40\\\\\\\\s5\\\\\\\\s0\\\\\\\\s0\\\\\\\\s0.5\\\\s33\\\\\\\\s1.5\\\\\\\\s0.02\\\\s32\\\\\\\\s1.5\\\\\\\\s0.02\\\\s32\\\\\\\\s1.5\\\\\\\\s0.02\\s1\\\\smy_NAND_1\\\\s33\\\\\\\\s1.5\\\\\\\\s0.02\\\\s0\\\\\\\\s0\\\\\\\\s40\\\\\\\\s5\\\\\\\\s0\\\\\\\\s0\\\\\\\\s0.5\\\\s33\\\\\\\\s1.5\\\\\\\\s0.02\\\\s32\\\\\\\\s1.5\\\\\\\\s0.02\\\\s32\\\\\\\\s1.5\\\\\\\\s0.02\s0\\s2\\s5\\s5 0\s2\s5\s5 1\s全加器\s1\\s半加器\\s1\\\\smy_NAND_1\\\\s33\\\\\\\\s1.5\\\\\\\\s0.02\\\\s0\\\\\\\\s0\\\\\\\\s40\\\\\\\\s5\\\\\\\\s0\\\\\\\\s0\\\\\\\\s0.5\\\\s33\\\\\\\\s1.5\\\\\\\\s0.02\\\\s32\\\\\\\\s1.5\\\\\\\\s0.02\\\\s32\\\\\\\\s1.5\\\\\\\\s0.02\\s1\\\\smy_NAND_1\\\\s33\\\\\\\\s1.5\\\\\\\\s0.02\\\\s0\\\\\\\\s0\\\\\\\\s40\\\\\\\\s5\\\\\\\\s0\\\\\\\\s0\\\\\\\\s0.5\\\\s33\\\\\\\\s1.5\\\\\\\\s0.02\\\\s32\\\\\\\\s1.5\\\\\\\\s0.02\\\\s32\\\\\\\\s1.5\\\\\\\\s0.02\\s1\\\\smy_NAND_1\\\\s33\\\\\\\\s1.5\\\\\\\\s0.02\\\\s0\\\\\\\\s0\\\\\\\\s40\\\\\\\\s5\\\\\\\\s0\\\\\\\\s0\\\\\\\\s0.5\\\\s33\\\\\\\\s1.5\\\\\\\\s0.02\\\\s32\\\\\\\\s1.5\\\\\\\\s0.02\\\\s32\\\\\\\\s1.5\\\\\\\\s0.02\\s1\\\\smy_NAND_1\\\\s33\\\\\\\\s1.5\\\\\\\\s0.02\\\\s0\\\\\\\\s0\\\\\\\\s40\\\\\\\\s5\\\\\\\\s0\\\\\\\\s0\\\\\\\\s0.5\\\\s33\\\\\\\\s1.5\\\\\\\\s0.02\\\\s32\\\\\\\\s1.5\\\\\\\\s0.02\\\\s32\\\\\\\\s1.5\\\\\\\\s0.02\\s1\\\\smy_NAND_1\\\\s33\\\\\\\\s1.5\\\\\\\\s0.02\\\\s0\\\\\\\\s0\\\\\\\\s40\\\\\\\\s5\\\\\\\\s0\\\\\\\\s0\\\\\\\\s0.5\\\\s33\\\\\\\\s1.5\\\\\\\\s0.02\\\\s32\\\\\\\\s1.5\\\\\\\\s0.02\\\\s32\\\\\\\\s1.5\\\\\\\\s0.02\\s1\\\\smy_NAND_1\\\\s33\\\\\\\\s1.5\\\\\\\\s0.02\\\\s0\\\\\\\\s0\\\\\\\\s40\\\\\\\\s5\\\\\\\\s0\\\\\\\\s0\\\\\\\\s0.5\\\\s33\\\\\\\\s1.5\\\\\\\\s0.02\\\\s32\\\\\\\\s1.5\\\\\\\\s0.02\\\\s32\\\\\\\\s1.5\\\\\\\\s0.02\\s1\\\\smy_NAND_1\\\\s33\\\\\\\\s1.5\\\\\\\\s0.02\\\\s0\\\\\\\\s0\\\\\\\\s40\\\\\\\\s5\\\\\\\\s0\\\\\\\\s0\\\\\\\\s0.5\\\\s33\\\\\\\\s1.5\\\\\\\\s0.02\\\\s32\\\\\\\\s1.5\\\\\\\\s0.02\\\\s32\\\\\\\\s1.5\\\\\\\\s0.02\s1\\s半加器\\s1\\\\smy_NAND_1\\\\s33\\\\\\\\s1.5\\\\\\\\s0.02\\\\s0\\\\\\\\s0\\\\\\\\s40\\\\\\\\s5\\\\\\\\s0\\\\\\\\s0\\\\\\\\s0.5\\\\s33\\\\\\\\s1.5\\\\\\\\s0.02\\\\s32\\\\\\\\s1.5\\\\\\\\s0.02\\\\s32\\\\\\\\s1.5\\\\\\\\s0.02\\s1\\\\smy_NAND_1\\\\s33\\\\\\\\s1.5\\\\\\\\s0.02\\\\s0\\\\\\\\s0\\\\\\\\s40\\\\\\\\s5\\\\\\\\s0\\\\\\\\s0\\\\\\\\s0.5\\\\s33\\\\\\\\s1.5\\\\\\\\s0.02\\\\s32\\\\\\\\s1.5\\\\\\\\s0.02\\\\s32\\\\\\\\s1.5\\\\\\\\s0.02\\s1\\\\smy_NAND_1\\\\s33\\\\\\\\s1.5\\\\\\\\s0.02\\\\s0\\\\\\\\s0\\\\\\\\s40\\\\\\\\s5\\\\\\\\s0\\\\\\\\s0\\\\\\\\s0.5\\\\s33\\\\\\\\s1.5\\\\\\\\s0.02\\\\s32\\\\\\\\s1.5\\\\\\\\s0.02\\\\s32\\\\\\\\s1.5\\\\\\\\s0.02\\s1\\\\smy_NAND_1\\\\s33\\\\\\\\s1.5\\\\\\\\s0.02\\\\s0\\\\\\\\s0\\\\\\\\s40\\\\\\\\s5\\\\\\\\s0\\\\\\\\s0\\\\\\\\s0.5\\\\s33\\\\\\\\s1.5\\\\\\\\s0.02\\\\s32\\\\\\\\s1.5\\\\\\\\s0.02\\\\s32\\\\\\\\s1.5\\\\\\\\s0.02\\s1\\\\smy_NAND_1\\\\s33\\\\\\\\s1.5\\\\\\\\s0.02\\\\s0\\\\\\\\s0\\\\\\\\s40\\\\\\\\s5\\\\\\\\s0\\\\\\\\s0\\\\\\\\s0.5\\\\s33\\\\\\\\s1.5\\\\\\\\s0.02\\\\s32\\\\\\\\s1.5\\\\\\\\s0.02\\\\s32\\\\\\\\s1.5\\\\\\\\s0.02\\s1\\\\smy_NAND_1\\\\s33\\\\\\\\s1.5\\\\\\\\s0.02\\\\s0\\\\\\\\s0\\\\\\\\s40\\\\\\\\s5\\\\\\\\s0\\\\\\\\s0\\\\\\\\s0.5\\\\s33\\\\\\\\s1.5\\\\\\\\s0.02\\\\s32\\\\\\\\s1.5\\\\\\\\s0.02\\\\s32\\\\\\\\s1.5\\\\\\\\s0.02\\s1\\\\smy_NAND_1\\\\s33\\\\\\\\s1.5\\\\\\\\s0.02\\\\s0\\\\\\\\s0\\\\\\\\s40\\\\\\\\s5\\\\\\\\s0\\\\\\\\s0\\\\\\\\s0.5\\\\s33\\\\\\\\s1.5\\\\\\\\s0.02\\\\s32\\\\\\\\s1.5\\\\\\\\s0.02\\\\s32\\\\\\\\s1.5\\\\\\\\s0.02\s0\\s2\\s0\\s5 0\s2\s5\s5 1\s全加器\s1\\s半加器\\s1\\\\smy_NAND_1\\\\s33\\\\\\\\s1.5\\\\\\\\s0.02\\\\s0\\\\\\\\s0\\\\\\\\s40\\\\\\\\s5\\\\\\\\s0\\\\\\\\s0\\\\\\\\s0.5\\\\s33\\\\\\\\s1.5\\\\\\\\s0.02\\\\s32\\\\\\\\s1.5\\\\\\\\s0.02\\\\s32\\\\\\\\s1.5\\\\\\\\s0.02\\s1\\\\smy_NAND_1\\\\s33\\\\\\\\s1.5\\\\\\\\s0.02\\\\s0\\\\\\\\s0\\\\\\\\s40\\\\\\\\s5\\\\\\\\s0\\\\\\\\s0\\\\\\\\s0.5\\\\s33\\\\\\\\s1.5\\\\\\\\s0.02\\\\s32\\\\\\\\s1.5\\\\\\\\s0.02\\\\s32\\\\\\\\s1.5\\\\\\\\s0.02\\s1\\\\smy_NAND_1\\\\s33\\\\\\\\s1.5\\\\\\\\s0.02\\\\s0\\\\\\\\s0\\\\\\\\s40\\\\\\\\s5\\\\\\\\s0\\\\\\\\s0\\\\\\\\s0.5\\\\s33\\\\\\\\s1.5\\\\\\\\s0.02\\\\s32\\\\\\\\s1.5\\\\\\\\s0.02\\\\s32\\\\\\\\s1.5\\\\\\\\s0.02\\s1\\\\smy_NAND_1\\\\s33\\\\\\\\s1.5\\\\\\\\s0.02\\\\s0\\\\\\\\s0\\\\\\\\s40\\\\\\\\s5\\\\\\\\s0\\\\\\\\s0\\\\\\\\s0.5\\\\s33\\\\\\\\s1.5\\\\\\\\s0.02\\\\s32\\\\\\\\s1.5\\\\\\\\s0.02\\\\s32\\\\\\\\s1.5\\\\\\\\s0.02\\s1\\\\smy_NAND_1\\\\s33\\\\\\\\s1.5\\\\\\\\s0.02\\\\s0\\\\\\\\s0\\\\\\\\s40\\\\\\\\s5\\\\\\\\s0\\\\\\\\s0\\\\\\\\s0.5\\\\s33\\\\\\\\s1.5\\\\\\\\s0.02\\\\s32\\\\\\\\s1.5\\\\\\\\s0.02\\\\s32\\\\\\\\s1.5\\\\\\\\s0.02\\s1\\\\smy_NAND_1\\\\s33\\\\\\\\s1.5\\\\\\\\s0.02\\\\s0\\\\\\\\s0\\\\\\\\s40\\\\\\\\s5\\\\\\\\s0\\\\\\\\s0\\\\\\\\s0.5\\\\s33\\\\\\\\s1.5\\\\\\\\s0.02\\\\s32\\\\\\\\s1.5\\\\\\\\s0.02\\\\s32\\\\\\\\s1.5\\\\\\\\s0.02\\s1\\\\smy_NAND_1\\\\s33\\\\\\\\s1.5\\\\\\\\s0.02\\\\s0\\\\\\\\s0\\\\\\\\s40\\\\\\\\s5\\\\\\\\s0\\\\\\\\s0\\\\\\\\s0.5\\\\s33\\\\\\\\s1.5\\\\\\\\s0.02\\\\s32\\\\\\\\s1.5\\\\\\\\s0.02\\\\s32\\\\\\\\s1.5\\\\\\\\s0.02\s1\\s半加器\\s1\\\\smy_NAND_1\\\\s33\\\\\\\\s1.5\\\\\\\\s0.02\\\\s0\\\\\\\\s0\\\\\\\\s40\\\\\\\\s5\\\\\\\\s0\\\\\\\\s0\\\\\\\\s0.5\\\\s33\\\\\\\\s1.5\\\\\\\\s0.02\\\\s32\\\\\\\\s1.5\\\\\\\\s0.02\\\\s32\\\\\\\\s1.5\\\\\\\\s0.02\\s1\\\\smy_NAND_1\\\\s33\\\\\\\\s1.5\\\\\\\\s0.02\\\\s0\\\\\\\\s0\\\\\\\\s40\\\\\\\\s5\\\\\\\\s0\\\\\\\\s0\\\\\\\\s0.5\\\\s33\\\\\\\\s1.5\\\\\\\\s0.02\\\\s32\\\\\\\\s1.5\\\\\\\\s0.02\\\\s32\\\\\\\\s1.5\\\\\\\\s0.02\\s1\\\\smy_NAND_1\\\\s33\\\\\\\\s1.5\\\\\\\\s0.02\\\\s0\\\\\\\\s0\\\\\\\\s40\\\\\\\\s5\\\\\\\\s0\\\\\\\\s0\\\\\\\\s0.5\\\\s33\\\\\\\\s1.5\\\\\\\\s0.02\\\\s32\\\\\\\\s1.5\\\\\\\\s0.02\\\\s32\\\\\\\\s1.5\\\\\\\\s0.02\\s1\\\\smy_NAND_1\\\\s33\\\\\\\\s1.5\\\\\\\\s0.02\\\\s0\\\\\\\\s0\\\\\\\\s40\\\\\\\\s5\\\\\\\\s0\\\\\\\\s0\\\\\\\\s0.5\\\\s33\\\\\\\\s1.5\\\\\\\\s0.02\\\\s32\\\\\\\\s1.5\\\\\\\\s0.02\\\\s32\\\\\\\\s1.5\\\\\\\\s0.02\\s1\\\\smy_NAND_1\\\\s33\\\\\\\\s1.5\\\\\\\\s0.02\\\\s0\\\\\\\\s0\\\\\\\\s40\\\\\\\\s5\\\\\\\\s0\\\\\\\\s0\\\\\\\\s0.5\\\\s33\\\\\\\\s1.5\\\\\\\\s0.02\\\\s32\\\\\\\\s1.5\\\\\\\\s0.02\\\\s32\\\\\\\\s1.5\\\\\\\\s0.02\\s1\\\\smy_NAND_1\\\\s33\\\\\\\\s1.5\\\\\\\\s0.02\\\\s0\\\\\\\\s0\\\\\\\\s40\\\\\\\\s5\\\\\\\\s0\\\\\\\\s0\\\\\\\\s0.5\\\\s33\\\\\\\\s1.5\\\\\\\\s0.02\\\\s32\\\\\\\\s1.5\\\\\\\\s0.02\\\\s32\\\\\\\\s1.5\\\\\\\\s0.02\\s1\\\\smy_NAND_1\\\\s33\\\\\\\\s1.5\\\\\\\\s0.02\\\\s0\\\\\\\\s0\\\\\\\\s40\\\\\\\\s5\\\\\\\\s0\\\\\\\\s0\\\\\\\\s0.5\\\\s33\\\\\\\\s1.5\\\\\\\\s0.02\\\\s32\\\\\\\\s1.5\\\\\\\\s0.02\\\\s32\\\\\\\\s1.5\\\\\\\\s0.02\s0\\s2\\s5\\s5 0\s2\s5\s5 1\s半加器\s1\\smy_NAND_1\\s33\\\\s1.5\\\\s0.02\\s0\\\\s0\\\\s40\\\\s5\\\\s0\\\\s0\\\\s0.5\\s33\\\\s1.5\\\\s0.02\\s32\\\\s1.5\\\\s0.02\\s32\\\\s1.5\\\\s0.02\s1\\smy_NAND_1\\s33\\\\s1.5\\\\s0.02\\s0\\\\s0\\\\s40\\\\s5\\\\s0\\\\s0\\\\s0.5\\s33\\\\s1.5\\\\s0.02\\s32\\\\s1.5\\\\s0.02\\s32\\\\s1.5\\\\s0.02\s1\\smy_NAND_1\\s33\\\\s1.5\\\\s0.02\\s0\\\\s0\\\\s40\\\\s5\\\\s0\\\\s0\\\\s0.5\\s33\\\\s1.5\\\\s0.02\\s32\\\\s1.5\\\\s0.02\\s32\\\\s1.5\\\\s0.02\s1\\smy_NAND_1\\s33\\\\s1.5\\\\s0.02\\s0\\\\s0\\\\s40\\\\s5\\\\s0\\\\s0\\\\s0.5\\s33\\\\s1.5\\\\s0.02\\s32\\\\s1.5\\\\s0.02\\s32\\\\s1.5\\\\s0.02\s1\\smy_NAND_1\\s33\\\\s1.5\\\\s0.02\\s0\\\\s0\\\\s40\\\\s5\\\\s0\\\\s0\\\\s0.5\\s33\\\\s1.5\\\\s0.02\\s32\\\\s1.5\\\\s0.02\\s32\\\\s1.5\\\\s0.02\s1\\smy_NAND_1\\s33\\\\s1.5\\\\s0.02\\s0\\\\s0\\\\s40\\\\s5\\\\s0\\\\s0\\\\s0.5\\s33\\\\s1.5\\\\s0.02\\s32\\\\s1.5\\\\s0.02\\s32\\\\s1.5\\\\s0.02\s1\\smy_NAND_1\\s33\\\\s1.5\\\\s0.02\\s0\\\\s0\\\\s40\\\\s5\\\\s0\\\\s0\\\\s0.5\\s33\\\\s1.5\\\\s0.02\\s32\\\\s1.5\\\\s0.02\\s32\\\\s1.5\\\\s0.02 0\s2\s5\s5 1\s全加器\s1\\s半加器\\s1\\\\smy_NAND_1\\\\s33\\\\\\\\s1.5\\\\\\\\s0.02\\\\s0\\\\\\\\s0\\\\\\\\s40\\\\\\\\s5\\\\\\\\s0\\\\\\\\s0\\\\\\\\s0.5\\\\s33\\\\\\\\s1.5\\\\\\\\s0.02\\\\s32\\\\\\\\s1.5\\\\\\\\s0.02\\\\s32\\\\\\\\s1.5\\\\\\\\s0.02\\s1\\\\smy_NAND_1\\\\s33\\\\\\\\s1.5\\\\\\\\s0.02\\\\s0\\\\\\\\s0\\\\\\\\s40\\\\\\\\s5\\\\\\\\s0\\\\\\\\s0\\\\\\\\s0.5\\\\s33\\\\\\\\s1.5\\\\\\\\s0.02\\\\s32\\\\\\\\s1.5\\\\\\\\s0.02\\\\s32\\\\\\\\s1.5\\\\\\\\s0.02\\s1\\\\smy_NAND_1\\\\s33\\\\\\\\s1.5\\\\\\\\s0.02\\\\s0\\\\\\\\s0\\\\\\\\s40\\\\\\\\s5\\\\\\\\s0\\\\\\\\s0\\\\\\\\s0.5\\\\s33\\\\\\\\s1.5\\\\\\\\s0.02\\\\s32\\\\\\\\s1.5\\\\\\\\s0.02\\\\s32\\\\\\\\s1.5\\\\\\\\s0.02\\s1\\\\smy_NAND_1\\\\s33\\\\\\\\s1.5\\\\\\\\s0.02\\\\s0\\\\\\\\s0\\\\\\\\s40\\\\\\\\s5\\\\\\\\s0\\\\\\\\s0\\\\\\\\s0.5\\\\s33\\\\\\\\s1.5\\\\\\\\s0.02\\\\s32\\\\\\\\s1.5\\\\\\\\s0.02\\\\s32\\\\\\\\s1.5\\\\\\\\s0.02\\s1\\\\smy_NAND_1\\\\s33\\\\\\\\s1.5\\\\\\\\s0.02\\\\s0\\\\\\\\s0\\\\\\\\s40\\\\\\\\s5\\\\\\\\s0\\\\\\\\s0\\\\\\\\s0.5\\\\s33\\\\\\\\s1.5\\\\\\\\s0.02\\\\s32\\\\\\\\s1.5\\\\\\\\s0.02\\\\s32\\\\\\\\s1.5\\\\\\\\s0.02\\s1\\\\smy_NAND_1\\\\s33\\\\\\\\s1.5\\\\\\\\s0.02\\\\s0\\\\\\\\s0\\\\\\\\s40\\\\\\\\s5\\\\\\\\s0\\\\\\\\s0\\\\\\\\s0.5\\\\s33\\\\\\\\s1.5\\\\\\\\s0.02\\\\s32\\\\\\\\s1.5\\\\\\\\s0.02\\\\s32\\\\\\\\s1.5\\\\\\\\s0.02\\s1\\\\smy_NAND_1\\\\s33\\\\\\\\s1.5\\\\\\\\s0.02\\\\s0\\\\\\\\s0\\\\\\\\s40\\\\\\\\s5\\\\\\\\s0\\\\\\\\s0\\\\\\\\s0.5\\\\s33\\\\\\\\s1.5\\\\\\\\s0.02\\\\s32\\\\\\\\s1.5\\\\\\\\s0.02\\\\s32\\\\\\\\s1.5\\\\\\\\s0.02\s1\\s半加器\\s1\\\\smy_NAND_1\\\\s33\\\\\\\\s1.5\\\\\\\\s0.02\\\\s0\\\\\\\\s0\\\\\\\\s40\\\\\\\\s5\\\\\\\\s0\\\\\\\\s0\\\\\\\\s0.5\\\\s33\\\\\\\\s1.5\\\\\\\\s0.02\\\\s32\\\\\\\\s1.5\\\\\\\\s0.02\\\\s32\\\\\\\\s1.5\\\\\\\\s0.02\\s1\\\\smy_NAND_1\\\\s33\\\\\\\\s1.5\\\\\\\\s0.02\\\\s0\\\\\\\\s0\\\\\\\\s40\\\\\\\\s5\\\\\\\\s0\\\\\\\\s0\\\\\\\\s0.5\\\\s33\\\\\\\\s1.5\\\\\\\\s0.02\\\\s32\\\\\\\\s1.5\\\\\\\\s0.02\\\\s32\\\\\\\\s1.5\\\\\\\\s0.02\\s1\\\\smy_NAND_1\\\\s33\\\\\\\\s1.5\\\\\\\\s0.02\\\\s0\\\\\\\\s0\\\\\\\\s40\\\\\\\\s5\\\\\\\\s0\\\\\\\\s0\\\\\\\\s0.5\\\\s33\\\\\\\\s1.5\\\\\\\\s0.02\\\\s32\\\\\\\\s1.5\\\\\\\\s0.02\\\\s32\\\\\\\\s1.5\\\\\\\\s0.02\\s1\\\\smy_NAND_1\\\\s33\\\\\\\\s1.5\\\\\\\\s0.02\\\\s0\\\\\\\\s0\\\\\\\\s40\\\\\\\\s5\\\\\\\\s0\\\\\\\\s0\\\\\\\\s0.5\\\\s33\\\\\\\\s1.5\\\\\\\\s0.02\\\\s32\\\\\\\\s1.5\\\\\\\\s0.02\\\\s32\\\\\\\\s1.5\\\\\\\\s0.02\\s1\\\\smy_NAND_1\\\\s33\\\\\\\\s1.5\\\\\\\\s0.02\\\\s0\\\\\\\\s0\\\\\\\\s40\\\\\\\\s5\\\\\\\\s0\\\\\\\\s0\\\\\\\\s0.5\\\\s33\\\\\\\\s1.5\\\\\\\\s0.02\\\\s32\\\\\\\\s1.5\\\\\\\\s0.02\\\\s32\\\\\\\\s1.5\\\\\\\\s0.02\\s1\\\\smy_NAND_1\\\\s33\\\\\\\\s1.5\\\\\\\\s0.02\\\\s0\\\\\\\\s0\\\\\\\\s40\\\\\\\\s5\\\\\\\\s0\\\\\\\\s0\\\\\\\\s0.5\\\\s33\\\\\\\\s1.5\\\\\\\\s0.02\\\\s32\\\\\\\\s1.5\\\\\\\\s0.02\\\\s32\\\\\\\\s1.5\\\\\\\\s0.02\\s1\\\\smy_NAND_1\\\\s33\\\\\\\\s1.5\\\\\\\\s0.02\\\\s0\\\\\\\\s0\\\\\\\\s40\\\\\\\\s5\\\\\\\\s0\\\\\\\\s0\\\\\\\\s0.5\\\\s33\\\\\\\\s1.5\\\\\\\\s0.02\\\\s32\\\\\\\\s1.5\\\\\\\\s0.02\\\\s32\\\\\\\\s1.5\\\\\\\\s0.02\s0\\s2\\s0\\s5 0\s2\s5\s5 1\s全加器\s1\\s半加器\\s1\\\\smy_NAND_1\\\\s33\\\\\\\\s1.5\\\\\\\\s0.02\\\\s0\\\\\\\\s0\\\\\\\\s40\\\\\\\\s5\\\\\\\\s0\\\\\\\\s0\\\\\\\\s0.5\\\\s33\\\\\\\\s1.5\\\\\\\\s0.02\\\\s32\\\\\\\\s1.5\\\\\\\\s0.02\\\\s32\\\\\\\\s1.5\\\\\\\\s0.02\\s1\\\\smy_NAND_1\\\\s33\\\\\\\\s1.5\\\\\\\\s0.02\\\\s0\\\\\\\\s0\\\\\\\\s40\\\\\\\\s5\\\\\\\\s0\\\\\\\\s0\\\\\\\\s0.5\\\\s33\\\\\\\\s1.5\\\\\\\\s0.02\\\\s32\\\\\\\\s1.5\\\\\\\\s0.02\\\\s32\\\\\\\\s1.5\\\\\\\\s0.02\\s1\\\\smy_NAND_1\\\\s33\\\\\\\\s1.5\\\\\\\\s0.02\\\\s0\\\\\\\\s0\\\\\\\\s40\\\\\\\\s5\\\\\\\\s0\\\\\\\\s0\\\\\\\\s0.5\\\\s33\\\\\\\\s1.5\\\\\\\\s0.02\\\\s32\\\\\\\\s1.5\\\\\\\\s0.02\\\\s32\\\\\\\\s1.5\\\\\\\\s0.02\\s1\\\\smy_NAND_1\\\\s33\\\\\\\\s1.5\\\\\\\\s0.02\\\\s0\\\\\\\\s0\\\\\\\\s40\\\\\\\\s5\\\\\\\\s0\\\\\\\\s0\\\\\\\\s0.5\\\\s33\\\\\\\\s1.5\\\\\\\\s0.02\\\\s32\\\\\\\\s1.5\\\\\\\\s0.02\\\\s32\\\\\\\\s1.5\\\\\\\\s0.02\\s1\\\\smy_NAND_1\\\\s33\\\\\\\\s1.5\\\\\\\\s0.02\\\\s0\\\\\\\\s0\\\\\\\\s40\\\\\\\\s5\\\\\\\\s0\\\\\\\\s0\\\\\\\\s0.5\\\\s33\\\\\\\\s1.5\\\\\\\\s0.02\\\\s32\\\\\\\\s1.5\\\\\\\\s0.02\\\\s32\\\\\\\\s1.5\\\\\\\\s0.02\\s1\\\\smy_NAND_1\\\\s33\\\\\\\\s1.5\\\\\\\\s0.02\\\\s0\\\\\\\\s0\\\\\\\\s40\\\\\\\\s5\\\\\\\\s0\\\\\\\\s0\\\\\\\\s0.5\\\\s33\\\\\\\\s1.5\\\\\\\\s0.02\\\\s32\\\\\\\\s1.5\\\\\\\\s0.02\\\\s32\\\\\\\\s1.5\\\\\\\\s0.02\\s1\\\\smy_NAND_1\\\\s33\\\\\\\\s1.5\\\\\\\\s0.02\\\\s0\\\\\\\\s0\\\\\\\\s40\\\\\\\\s5\\\\\\\\s0\\\\\\\\s0\\\\\\\\s0.5\\\\s33\\\\\\\\s1.5\\\\\\\\s0.02\\\\s32\\\\\\\\s1.5\\\\\\\\s0.02\\\\s32\\\\\\\\s1.5\\\\\\\\s0.02\s1\\s半加器\\s1\\\\smy_NAND_1\\\\s33\\\\\\\\s1.5\\\\\\\\s0.02\\\\s0\\\\\\\\s0\\\\\\\\s40\\\\\\\\s5\\\\\\\\s0\\\\\\\\s0\\\\\\\\s0.5\\\\s33\\\\\\\\s1.5\\\\\\\\s0.02\\\\s32\\\\\\\\s1.5\\\\\\\\s0.02\\\\s32\\\\\\\\s1.5\\\\\\\\s0.02\\s1\\\\smy_NAND_1\\\\s33\\\\\\\\s1.5\\\\\\\\s0.02\\\\s0\\\\\\\\s0\\\\\\\\s40\\\\\\\\s5\\\\\\\\s0\\\\\\\\s0\\\\\\\\s0.5\\\\s33\\\\\\\\s1.5\\\\\\\\s0.02\\\\s32\\\\\\\\s1.5\\\\\\\\s0.02\\\\s32\\\\\\\\s1.5\\\\\\\\s0.02\\s1\\\\smy_NAND_1\\\\s33\\\\\\\\s1.5\\\\\\\\s0.02\\\\s0\\\\\\\\s0\\\\\\\\s40\\\\\\\\s5\\\\\\\\s0\\\\\\\\s0\\\\\\\\s0.5\\\\s33\\\\\\\\s1.5\\\\\\\\s0.02\\\\s32\\\\\\\\s1.5\\\\\\\\s0.02\\\\s32\\\\\\\\s1.5\\\\\\\\s0.02\\s1\\\\smy_NAND_1\\\\s33\\\\\\\\s1.5\\\\\\\\s0.02\\\\s0\\\\\\\\s0\\\\\\\\s40\\\\\\\\s5\\\\\\\\s0\\\\\\\\s0\\\\\\\\s0.5\\\\s33\\\\\\\\s1.5\\\\\\\\s0.02\\\\s32\\\\\\\\s1.5\\\\\\\\s0.02\\\\s32\\\\\\\\s1.5\\\\\\\\s0.02\\s1\\\\smy_NAND_1\\\\s33\\\\\\\\s1.5\\\\\\\\s0.02\\\\s0\\\\\\\\s0\\\\\\\\s40\\\\\\\\s5\\\\\\\\s0\\\\\\\\s0\\\\\\\\s0.5\\\\s33\\\\\\\\s1.5\\\\\\\\s0.02\\\\s32\\\\\\\\s1.5\\\\\\\\s0.02\\\\s32\\\\\\\\s1.5\\\\\\\\s0.02\\s1\\\\smy_NAND_1\\\\s33\\\\\\\\s1.5\\\\\\\\s0.02\\\\s0\\\\\\\\s0\\\\\\\\s40\\\\\\\\s5\\\\\\\\s0\\\\\\\\s0\\\\\\\\s0.5\\\\s33\\\\\\\\s1.5\\\\\\\\s0.02\\\\s32\\\\\\\\s1.5\\\\\\\\s0.02\\\\s32\\\\\\\\s1.5\\\\\\\\s0.02\\s1\\\\smy_NAND_1\\\\s33\\\\\\\\s1.5\\\\\\\\s0.02\\\\s0\\\\\\\\s0\\\\\\\\s40\\\\\\\\s5\\\\\\\\s0\\\\\\\\s0\\\\\\\\s0.5\\\\s33\\\\\\\\s1.5\\\\\\\\s0.02\\\\s32\\\\\\\\s1.5\\\\\\\\s0.02\\\\s32\\\\\\\\s1.5\\\\\\\\s0.02\s0\\s2\\s5\\s5 0\s2\s5\s5 1\s全加器\s1\\s半加器\\s1\\\\smy_NAND_1\\\\s33\\\\\\\\s1.5\\\\\\\\s0.02\\\\s0\\\\\\\\s0\\\\\\\\s40\\\\\\\\s5\\\\\\\\s0\\\\\\\\s0\\\\\\\\s0.5\\\\s33\\\\\\\\s1.5\\\\\\\\s0.02\\\\s32\\\\\\\\s1.5\\\\\\\\s0.02\\\\s32\\\\\\\\s1.5\\\\\\\\s0.02\\s1\\\\smy_NAND_1\\\\s33\\\\\\\\s1.5\\\\\\\\s0.02\\\\s0\\\\\\\\s0\\\\\\\\s40\\\\\\\\s5\\\\\\\\s0\\\\\\\\s0\\\\\\\\s0.5\\\\s33\\\\\\\\s1.5\\\\\\\\s0.02\\\\s32\\\\\\\\s1.5\\\\\\\\s0.02\\\\s32\\\\\\\\s1.5\\\\\\\\s0.02\\s1\\\\smy_NAND_1\\\\s33\\\\\\\\s1.5\\\\\\\\s0.02\\\\s0\\\\\\\\s0\\\\\\\\s40\\\\\\\\s5\\\\\\\\s0\\\\\\\\s0\\\\\\\\s0.5\\\\s33\\\\\\\\s1.5\\\\\\\\s0.02\\\\s32\\\\\\\\s1.5\\\\\\\\s0.02\\\\s32\\\\\\\\s1.5\\\\\\\\s0.02\\s1\\\\smy_NAND_1\\\\s33\\\\\\\\s1.5\\\\\\\\s0.02\\\\s0\\\\\\\\s0\\\\\\\\s40\\\\\\\\s5\\\\\\\\s0\\\\\\\\s0\\\\\\\\s0.5\\\\s33\\\\\\\\s1.5\\\\\\\\s0.02\\\\s32\\\\\\\\s1.5\\\\\\\\s0.02\\\\s32\\\\\\\\s1.5\\\\\\\\s0.02\\s1\\\\smy_NAND_1\\\\s33\\\\\\\\s1.5\\\\\\\\s0.02\\\\s0\\\\\\\\s0\\\\\\\\s40\\\\\\\\s5\\\\\\\\s0\\\\\\\\s0\\\\\\\\s0.5\\\\s33\\\\\\\\s1.5\\\\\\\\s0.02\\\\s32\\\\\\\\s1.5\\\\\\\\s0.02\\\\s32\\\\\\\\s1.5\\\\\\\\s0.02\\s1\\\\smy_NAND_1\\\\s33\\\\\\\\s1.5\\\\\\\\s0.02\\\\s0\\\\\\\\s0\\\\\\\\s40\\\\\\\\s5\\\\\\\\s0\\\\\\\\s0\\\\\\\\s0.5\\\\s33\\\\\\\\s1.5\\\\\\\\s0.02\\\\s32\\\\\\\\s1.5\\\\\\\\s0.02\\\\s32\\\\\\\\s1.5\\\\\\\\s0.02\\s1\\\\smy_NAND_1\\\\s33\\\\\\\\s1.5\\\\\\\\s0.02\\\\s0\\\\\\\\s0\\\\\\\\s40\\\\\\\\s5\\\\\\\\s0\\\\\\\\s0\\\\\\\\s0.5\\\\s33\\\\\\\\s1.5\\\\\\\\s0.02\\\\s32\\\\\\\\s1.5\\\\\\\\s0.02\\\\s32\\\\\\\\s1.5\\\\\\\\s0.02\s1\\s半加器\\s1\\\\smy_NAND_1\\\\s33\\\\\\\\s1.5\\\\\\\\s0.02\\\\s0\\\\\\\\s0\\\\\\\\s40\\\\\\\\s5\\\\\\\\s0\\\\\\\\s0\\\\\\\\s0.5\\\\s33\\\\\\\\s1.5\\\\\\\\s0.02\\\\s32\\\\\\\\s1.5\\\\\\\\s0.02\\\\s32\\\\\\\\s1.5\\\\\\\\s0.02\\s1\\\\smy_NAND_1\\\\s33\\\\\\\\s1.5\\\\\\\\s0.02\\\\s0\\\\\\\\s0\\\\\\\\s40\\\\\\\\s5\\\\\\\\s0\\\\\\\\s0\\\\\\\\s0.5\\\\s33\\\\\\\\s1.5\\\\\\\\s0.02\\\\s32\\\\\\\\s1.5\\\\\\\\s0.02\\\\s32\\\\\\\\s1.5\\\\\\\\s0.02\\s1\\\\smy_NAND_1\\\\s33\\\\\\\\s1.5\\\\\\\\s0.02\\\\s0\\\\\\\\s0\\\\\\\\s40\\\\\\\\s5\\\\\\\\s0\\\\\\\\s0\\\\\\\\s0.5\\\\s33\\\\\\\\s1.5\\\\\\\\s0.02\\\\s32\\\\\\\\s1.5\\\\\\\\s0.02\\\\s32\\\\\\\\s1.5\\\\\\\\s0.02\\s1\\\\smy_NAND_1\\\\s33\\\\\\\\s1.5\\\\\\\\s0.02\\\\s0\\\\\\\\s0\\\\\\\\s40\\\\\\\\s5\\\\\\\\s0\\\\\\\\s0\\\\\\\\s0.5\\\\s33\\\\\\\\s1.5\\\\\\\\s0.02\\\\s32\\\\\\\\s1.5\\\\\\\\s0.02\\\\s32\\\\\\\\s1.5\\\\\\\\s0.02\\s1\\\\smy_NAND_1\\\\s33\\\\\\\\s1.5\\\\\\\\s0.02\\\\s0\\\\\\\\s0\\\\\\\\s40\\\\\\\\s5\\\\\\\\s0\\\\\\\\s0\\\\\\\\s0.5\\\\s33\\\\\\\\s1.5\\\\\\\\s0.02\\\\s32\\\\\\\\s1.5\\\\\\\\s0.02\\\\s32\\\\\\\\s1.5\\\\\\\\s0.02\\s1\\\\smy_NAND_1\\\\s33\\\\\\\\s1.5\\\\\\\\s0.02\\\\s0\\\\\\\\s0\\\\\\\\s40\\\\\\\\s5\\\\\\\\s0\\\\\\\\s0\\\\\\\\s0.5\\\\s33\\\\\\\\s1.5\\\\\\\\s0.02\\\\s32\\\\\\\\s1.5\\\\\\\\s0.02\\\\s32\\\\\\\\s1.5\\\\\\\\s0.02\\s1\\\\smy_NAND_1\\\\s33\\\\\\\\s1.5\\\\\\\\s0.02\\\\s0\\\\\\\\s0\\\\\\\\s40\\\\\\\\s5\\\\\\\\s0\\\\\\\\s0\\\\\\\\s0.5\\\\s33\\\\\\\\s1.5\\\\\\\\s0.02\\\\s32\\\\\\\\s1.5\\\\\\\\s0.02\\\\s32\\\\\\\\s1.5\\\\\\\\s0.02\s0\\s2\\s5\\s5
207 1912 -408 1840 -408 4 X3
207 1912 -392 1840 -392 4 X2
207 1912 -376 1840 -376 4 X1
207 1912 -360 1840 -360 4 X0
207 1912 -344 1840 -344 4 Y3
207 1912 -328 1840 -328 4 Y2
207 1912 -312 1840 -312 4 Y1
207 1912 -296 1840 -296 4 Y0
207 1992 -408 2056 -408 4 Z7
207 1992 -392 2056 -392 4 Z6
207 1992 -376 2056 -376 4 Z5
207 1992 -360 2056 -360 4 Z4
207 1992 -344 2056 -344 4 Z3
207 1992 -328 2056 -328 4 Z2
207 1992 -312 2056 -312 4 Z1
207 1992 -296 2056 -296 4 Z0
o 101 64 0 4103 5 0.00009765625 0 2 101 3 A4
o 102 64 0 4103 5 0.00009765625 0 2 102 3 A3
o 103 64 0 4103 5 0.00009765625 0 2 103 3 A2
o 104 64 0 4103 5 0.00009765625 0 2 104 3 A1
o 192 64 0 4103 5 0.00009765625 0 2 192 3 A0
o 199 64 0 4099 5 0.00009765625 1 2 199 3 Compare\sResult\s(Logic)
o 198 64 0 4099 5 0.00009765625 1 2 198 3 CLK
o 129 64 0 4098 5 0.1 1 1 Compare\sResult
