$ 0 0.000005 382.76258214399064 50 5 50 5e-11
. my_NAND_1 1 6 2 3 A 1 0 2 B 4 1 2 O 2 0 3 MosfetElm\s1\s2\s3\rRailElm\s3\rMosfetElm\s4\s2\s3\rMosfetElm\s1\s5\s2\rMosfetElm\s4\s0\s5 33\\s1.5\\s0.02\s0\\s0\\s40\\s5\\s0\\s0\\s0.5\s33\\s1.5\\s0.02\s32\\s1.5\\s0.02\s32\\s1.5\\s0.02
. 半加器 1 3 2 4 a 1 0 2 b 2 1 2 c 6 1 3 s 21 0 3 CustomCompositeElm\s1\s2\s3\rCustomCompositeElm\s3\s3\s6\rCustomCompositeElm\s2\s2\s9\rCustomCompositeElm\s1\s9\s12\rCustomCompositeElm\s1\s1\s15\rCustomCompositeElm\s2\s15\s18\rCustomCompositeElm\s18\s12\s21 1\\smy_NAND_1\\s33\\\\s1.5\\\\s0.02\\s0\\\\s0\\\\s40\\\\s5\\\\s0\\\\s0\\\\s0.5\\s33\\\\s1.5\\\\s0.02\\s32\\\\s1.5\\\\s0.02\\s32\\\\s1.5\\\\s0.02\s1\\smy_NAND_1\\s33\\\\s1.5\\\\s0.02\\s0\\\\s0\\\\s40\\\\s5\\\\s0\\\\s0\\\\s0.5\\s33\\\\s1.5\\\\s0.02\\s32\\\\s1.5\\\\s0.02\\s32\\\\s1.5\\\\s0.02\s1\\smy_NAND_1\\s33\\\\s1.5\\\\s0.02\\s0\\\\s0\\\\s40\\\\s5\\\\s0\\\\s0\\\\s0.5\\s33\\\\s1.5\\\\s0.02\\s32\\\\s1.5\\\\s0.02\\s32\\\\s1.5\\\\s0.02\s1\\smy_NAND_1\\s33\\\\s1.5\\\\s0.02\\s0\\\\s0\\\\s40\\\\s5\\\\s0\\\\s0\\\\s0.5\\s33\\\\s1.5\\\\s0.02\\s32\\\\s1.5\\\\s0.02\\s32\\\\s1.5\\\\s0.02\s1\\smy_NAND_1\\s33\\\\s1.5\\\\s0.02\\s0\\\\s0\\\\s40\\\\s5\\\\s0\\\\s0\\\\s0.5\\s33\\\\s1.5\\\\s0.02\\s32\\\\s1.5\\\\s0.02\\s32\\\\s1.5\\\\s0.02\s1\\smy_NAND_1\\s33\\\\s1.5\\\\s0.02\\s0\\\\s0\\\\s40\\\\s5\\\\s0\\\\s0\\\\s0.5\\s33\\\\s1.5\\\\s0.02\\s32\\\\s1.5\\\\s0.02\\s32\\\\s1.5\\\\s0.02\s1\\smy_NAND_1\\s33\\\\s1.5\\\\s0.02\\s0\\\\s0\\\\s40\\\\s5\\\\s0\\\\s0\\\\s0.5\\s33\\\\s1.5\\\\s0.02\\s32\\\\s1.5\\\\s0.02\\s32\\\\s1.5\\\\s0.02
410 336 48 400 96 1 半加器 1\smy_NAND_1\s33\\s1.5\\s0.02\s0\\s0\\s40\\s5\\s0\\s0\\s0.5\s33\\s1.5\\s0.02\s32\\s1.5\\s0.02\s32\\s1.5\\s0.02 1\smy_NAND_1\s33\\s1.5\\s0.02\s0\\s0\\s40\\s5\\s0\\s0\\s0.5\s33\\s1.5\\s0.02\s32\\s1.5\\s0.02\s32\\s1.5\\s0.02 1\smy_NAND_1\s33\\s1.5\\s0.02\s0\\s0\\s40\\s5\\s0\\s0\\s0.5\s33\\s1.5\\s0.02\s32\\s1.5\\s0.02\s32\\s1.5\\s0.02 1\smy_NAND_1\s33\\s1.5\\s0.02\s0\\s0\\s40\\s5\\s0\\s0\\s0.5\s33\\s1.5\\s0.02\s32\\s1.5\\s0.02\s32\\s1.5\\s0.02 1\smy_NAND_1\s33\\s1.5\\s0.02\s0\\s0\\s40\\s5\\s0\\s0\\s0.5\s33\\s1.5\\s0.02\s32\\s1.5\\s0.02\s32\\s1.5\\s0.02 1\smy_NAND_1\s33\\s1.5\\s0.02\s0\\s0\\s40\\s5\\s0\\s0\\s0.5\s33\\s1.5\\s0.02\s32\\s1.5\\s0.02\s32\\s1.5\\s0.02 1\smy_NAND_1\s33\\s1.5\\s0.02\s0\\s0\\s40\\s5\\s0\\s0\\s0.5\s33\\s1.5\\s0.02\s32\\s1.5\\s0.02\s32\\s1.5\\s0.02
R 288 48 192 48 0 2 40 5 0 0 0.5
R 336 80 224 80 0 2 20 5 0 0 0.5
w 288 48 336 48 0
w 288 48 288 208 0
w 336 80 336 176 0
195 336 176 400 176 0
w 288 208 336 208 0
I 912 368 992 368 0 0.5 5
I 480 256 480 320 0 0.5 5
w 432 208 480 208 0
w 480 208 480 256 0
w 480 256 448 256 0
w 448 256 448 336 0
w 448 336 688 336 0
w 480 320 480 496 0
I 528 256 528 320 0 0.5 5
w 432 176 528 176 0
w 528 176 528 256 0
w 528 256 560 256 0
w 560 256 560 448 0
w 464 80 624 80 0
w 624 80 624 368 0
w 624 368 688 368 0
w 464 48 656 48 0
w 656 48 656 416 0
154 688 352 800 352 0 2 0 5
154 688 432 800 432 0 2 0 5
w 656 416 688 416 0
w 560 448 688 448 0
w 800 432 800 384 0
151 688 512 800 512 0 2 5 5
w 480 496 688 496 0
w 624 368 624 528 0
w 624 528 688 528 0
151 688 608 800 608 0 3 5 5
w 480 496 480 592 0
w 480 592 688 592 0
w 528 320 528 608 0
w 528 608 688 608 0
151 688 688 800 688 0 3 5 5
w 624 528 624 672 0
w 624 672 688 672 0
w 656 416 656 688 0
w 656 688 688 688 0
w 688 704 688 624 0
w 688 624 688 560 0
w 688 560 912 560 0
w 912 368 912 560 0
151 864 608 976 608 0 3 0 5
w 800 608 864 608 0
w 800 688 864 688 0
w 864 624 864 688 0
w 800 512 864 512 0
w 864 512 864 592 0
207 992 368 1200 368 4 H
207 976 608 1200 608 4 L2
w 976 608 976 512 0
w 992 368 992 480 0
w 976 512 992 512 0
207 1104 496 1200 496 4 L1
152 800 368 912 368 0 2 0 5
153 992 496 1104 496 0 2 0 5
x 1110 354 1173 357 4 24 A\s\q\sB
x 1119 486 1182 489 4 24 A\s>\sB
x 1114 593 1177 596 4 24 A\s<\sB
207 336 -176 256 -176 4 b
207 336 -208 256 -208 4 a
410 336 -208 432 -160 1 my_NAND_1 33\s1.5\s0.02 0\s0\s40\s5\s0\s0\s0.5 33\s1.5\s0.02 32\s1.5\s0.02 32\s1.5\s0.02
410 592 -208 688 -160 1 my_NAND_1 33\s1.5\s0.02 0\s0\s40\s5\s0\s0\s0.5 33\s1.5\s0.02 32\s1.5\s0.02 32\s1.5\s0.02
w 560 -208 592 -208 0
w 592 -208 592 -176 0
207 816 -208 912 -208 4 c
410 336 -304 432 -256 1 my_NAND_1 33\s1.5\s0.02 0\s0\s40\s5\s0\s0\s0.5 33\s1.5\s0.02 32\s1.5\s0.02 32\s1.5\s0.02
207 336 -304 256 -304 4 b
207 336 -576 256 -576 4 b
207 336 -400 256 -400 4 a
410 336 -400 432 -352 1 my_NAND_1 33\s1.5\s0.02 0\s0\s40\s5\s0\s0\s0.5 33\s1.5\s0.02 32\s1.5\s0.02 32\s1.5\s0.02
410 336 -480 432 -432 1 my_NAND_1 33\s1.5\s0.02 0\s0\s40\s5\s0\s0\s0.5 33\s1.5\s0.02 32\s1.5\s0.02 32\s1.5\s0.02
w 336 -368 336 -336 0
w 336 -336 560 -336 0
w 560 -336 560 -304 0
w 336 -480 336 -448 0
w 336 -448 336 -400 0
w 336 -304 336 -272 0
410 336 -576 432 -528 1 my_NAND_1 33\s1.5\s0.02 0\s0\s40\s5\s0\s0\s0.5 33\s1.5\s0.02 32\s1.5\s0.02 32\s1.5\s0.02
w 336 -544 336 -512 0
w 336 -512 560 -512 0
w 560 -512 560 -480 0
410 576 -496 672 -448 1 my_NAND_1 33\s1.5\s0.02 0\s0\s40\s5\s0\s0\s0.5 33\s1.5\s0.02 32\s1.5\s0.02 32\s1.5\s0.02
w 576 -496 576 -576 0
w 560 -576 576 -576 0
w 560 -400 576 -400 0
w 576 -464 576 -400 0
207 800 -496 896 -496 4 s
207 352 -96 400 -96 4 a
R 352 -96 256 -96 0 2 40 5 0 0 0.5
207 352 -48 400 -48 4 b
R 352 -48 256 -48 0 2 20 5 0 0 0.5
196 1328 176 1536 176 2 1
410 1216 -112 1344 -32 1 半加器 1\smy_NAND_1\s33\\s1.5\\s0.02\s0\\s0\\s40\\s5\\s0\\s0\\s0.5\s33\\s1.5\\s0.02\s32\\s1.5\\s0.02\s32\\s1.5\\s0.02 1\smy_NAND_1\s33\\s1.5\\s0.02\s0\\s0\\s40\\s5\\s0\\s0\\s0.5\s33\\s1.5\\s0.02\s32\\s1.5\\s0.02\s32\\s1.5\\s0.02 1\smy_NAND_1\s33\\s1.5\\s0.02\s0\\s0\\s40\\s5\\s0\\s0\\s0.5\s33\\s1.5\\s0.02\s32\\s1.5\\s0.02\s32\\s1.5\\s0.02 1\smy_NAND_1\s33\\s1.5\\s0.02\s0\\s0\\s40\\s5\\s0\\s0\\s0.5\s33\\s1.5\\s0.02\s32\\s1.5\\s0.02\s32\\s1.5\\s0.02 1\smy_NAND_1\s33\\s1.5\\s0.02\s0\\s0\\s40\\s5\\s0\\s0\\s0.5\s33\\s1.5\\s0.02\s32\\s1.5\\s0.02\s32\\s1.5\\s0.02 1\smy_NAND_1\s33\\s1.5\\s0.02\s0\\s0\\s40\\s5\\s0\\s0\\s0.5\s33\\s1.5\\s0.02\s32\\s1.5\\s0.02\s32\\s1.5\\s0.02 1\smy_NAND_1\s33\\s1.5\\s0.02\s0\\s0\\s40\\s5\\s0\\s0\\s0.5\s33\\s1.5\\s0.02\s32\\s1.5\\s0.02\s32\\s1.5\\s0.02
207 1216 -112 1168 -112 4 _a
207 1216 -80 1168 -80 4 _b
410 1344 -144 1472 -64 1 半加器 1\smy_NAND_1\s33\\s1.5\\s0.02\s0\\s0\\s40\\s5\\s0\\s0\\s0.5\s33\\s1.5\\s0.02\s32\\s1.5\\s0.02\s32\\s1.5\\s0.02 1\smy_NAND_1\s33\\s1.5\\s0.02\s0\\s0\\s40\\s5\\s0\\s0\\s0.5\s33\\s1.5\\s0.02\s32\\s1.5\\s0.02\s32\\s1.5\\s0.02 1\smy_NAND_1\s33\\s1.5\\s0.02\s0\\s0\\s40\\s5\\s0\\s0\\s0.5\s33\\s1.5\\s0.02\s32\\s1.5\\s0.02\s32\\s1.5\\s0.02 1\smy_NAND_1\s33\\s1.5\\s0.02\s0\\s0\\s40\\s5\\s0\\s0\\s0.5\s33\\s1.5\\s0.02\s32\\s1.5\\s0.02\s32\\s1.5\\s0.02 1\smy_NAND_1\s33\\s1.5\\s0.02\s0\\s0\\s40\\s5\\s0\\s0\\s0.5\s33\\s1.5\\s0.02\s32\\s1.5\\s0.02\s32\\s1.5\\s0.02 1\smy_NAND_1\s33\\s1.5\\s0.02\s0\\s0\\s40\\s5\\s0\\s0\\s0.5\s33\\s1.5\\s0.02\s32\\s1.5\\s0.02\s32\\s1.5\\s0.02 1\smy_NAND_1\s33\\s1.5\\s0.02\s0\\s0\\s40\\s5\\s0\\s0\\s0.5\s33\\s1.5\\s0.02\s32\\s1.5\\s0.02\s32\\s1.5\\s0.02
207 1344 -144 1168 -144 4 cin
207 1472 -144 1600 -144 4 _s
207 1552 -96 1600 -96 4 _c
152 1472 -96 1552 -96 0 2 5 5
w 1344 -80 1472 -80 0
207 1248 -288 1296 -288 4 _a
R 1248 -288 1152 -288 0 2 40 5 0 0 0.5
207 1248 -240 1296 -240 4 _b
R 1248 -240 1152 -240 0 2 80 5 0 0 0.5
207 1248 -336 1296 -336 4 cin
R 1248 -336 1152 -336 0 2 20 5 0 0 0.5
. 全加器 1 5 3 5 _a 65 1 2 _b 66 2 2 _c 110 1 3 _s 90 0 3 cin 88 0 2 CustomCompositeElm\s65\s66\s67\s68\rCustomCompositeElm\s88\s68\s89\s90\rOrGateElm\s67\s89\s110 1\\s半加器\\s1\\\\smy_NAND_1\\\\s33\\\\\\\\s1.5\\\\\\\\s0.02\\\\s0\\\\\\\\s0\\\\\\\\s40\\\\\\\\s5\\\\\\\\s0\\\\\\\\s0\\\\\\\\s0.5\\\\s33\\\\\\\\s1.5\\\\\\\\s0.02\\\\s32\\\\\\\\s1.5\\\\\\\\s0.02\\\\s32\\\\\\\\s1.5\\\\\\\\s0.02\\s1\\\\smy_NAND_1\\\\s33\\\\\\\\s1.5\\\\\\\\s0.02\\\\s0\\\\\\\\s0\\\\\\\\s40\\\\\\\\s5\\\\\\\\s0\\\\\\\\s0\\\\\\\\s0.5\\\\s33\\\\\\\\s1.5\\\\\\\\s0.02\\\\s32\\\\\\\\s1.5\\\\\\\\s0.02\\\\s32\\\\\\\\s1.5\\\\\\\\s0.02\\s1\\\\smy_NAND_1\\\\s33\\\\\\\\s1.5\\\\\\\\s0.02\\\\s0\\\\\\\\s0\\\\\\\\s40\\\\\\\\s5\\\\\\\\s0\\\\\\\\s0\\\\\\\\s0.5\\\\s33\\\\\\\\s1.5\\\\\\\\s0.02\\\\s32\\\\\\\\s1.5\\\\\\\\s0.02\\\\s32\\\\\\\\s1.5\\\\\\\\s0.02\\s1\\\\smy_NAND_1\\\\s33\\\\\\\\s1.5\\\\\\\\s0.02\\\\s0\\\\\\\\s0\\\\\\\\s40\\\\\\\\s5\\\\\\\\s0\\\\\\\\s0\\\\\\\\s0.5\\\\s33\\\\\\\\s1.5\\\\\\\\s0.02\\\\s32\\\\\\\\s1.5\\\\\\\\s0.02\\\\s32\\\\\\\\s1.5\\\\\\\\s0.02\\s1\\\\smy_NAND_1\\\\s33\\\\\\\\s1.5\\\\\\\\s0.02\\\\s0\\\\\\\\s0\\\\\\\\s40\\\\\\\\s5\\\\\\\\s0\\\\\\\\s0\\\\\\\\s0.5\\\\s33\\\\\\\\s1.5\\\\\\\\s0.02\\\\s32\\\\\\\\s1.5\\\\\\\\s0.02\\\\s32\\\\\\\\s1.5\\\\\\\\s0.02\\s1\\\\smy_NAND_1\\\\s33\\\\\\\\s1.5\\\\\\\\s0.02\\\\s0\\\\\\\\s0\\\\\\\\s40\\\\\\\\s5\\\\\\\\s0\\\\\\\\s0\\\\\\\\s0.5\\\\s33\\\\\\\\s1.5\\\\\\\\s0.02\\\\s32\\\\\\\\s1.5\\\\\\\\s0.02\\\\s32\\\\\\\\s1.5\\\\\\\\s0.02\\s1\\\\smy_NAND_1\\\\s33\\\\\\\\s1.5\\\\\\\\s0.02\\\\s0\\\\\\\\s0\\\\\\\\s40\\\\\\\\s5\\\\\\\\s0\\\\\\\\s0\\\\\\\\s0.5\\\\s33\\\\\\\\s1.5\\\\\\\\s0.02\\\\s32\\\\\\\\s1.5\\\\\\\\s0.02\\\\s32\\\\\\\\s1.5\\\\\\\\s0.02\s1\\s半加器\\s1\\\\smy_NAND_1\\\\s33\\\\\\\\s1.5\\\\\\\\s0.02\\\\s0\\\\\\\\s0\\\\\\\\s40\\\\\\\\s5\\\\\\\\s0\\\\\\\\s0\\\\\\\\s0.5\\\\s33\\\\\\\\s1.5\\\\\\\\s0.02\\\\s32\\\\\\\\s1.5\\\\\\\\s0.02\\\\s32\\\\\\\\s1.5\\\\\\\\s0.02\\s1\\\\smy_NAND_1\\\\s33\\\\\\\\s1.5\\\\\\\\s0.02\\\\s0\\\\\\\\s0\\\\\\\\s40\\\\\\\\s5\\\\\\\\s0\\\\\\\\s0\\\\\\\\s0.5\\\\s33\\\\\\\\s1.5\\\\\\\\s0.02\\\\s32\\\\\\\\s1.5\\\\\\\\s0.02\\\\s32\\\\\\\\s1.5\\\\\\\\s0.02\\s1\\\\smy_NAND_1\\\\s33\\\\\\\\s1.5\\\\\\\\s0.02\\\\s0\\\\\\\\s0\\\\\\\\s40\\\\\\\\s5\\\\\\\\s0\\\\\\\\s0\\\\\\\\s0.5\\\\s33\\\\\\\\s1.5\\\\\\\\s0.02\\\\s32\\\\\\\\s1.5\\\\\\\\s0.02\\\\s32\\\\\\\\s1.5\\\\\\\\s0.02\\s1\\\\smy_NAND_1\\\\s33\\\\\\\\s1.5\\\\\\\\s0.02\\\\s0\\\\\\\\s0\\\\\\\\s40\\\\\\\\s5\\\\\\\\s0\\\\\\\\s0\\\\\\\\s0.5\\\\s33\\\\\\\\s1.5\\\\\\\\s0.02\\\\s32\\\\\\\\s1.5\\\\\\\\s0.02\\\\s32\\\\\\\\s1.5\\\\\\\\s0.02\\s1\\\\smy_NAND_1\\\\s33\\\\\\\\s1.5\\\\\\\\s0.02\\\\s0\\\\\\\\s0\\\\\\\\s40\\\\\\\\s5\\\\\\\\s0\\\\\\\\s0\\\\\\\\s0.5\\\\s33\\\\\\\\s1.5\\\\\\\\s0.02\\\\s32\\\\\\\\s1.5\\\\\\\\s0.02\\\\s32\\\\\\\\s1.5\\\\\\\\s0.02\\s1\\\\smy_NAND_1\\\\s33\\\\\\\\s1.5\\\\\\\\s0.02\\\\s0\\\\\\\\s0\\\\\\\\s40\\\\\\\\s5\\\\\\\\s0\\\\\\\\s0\\\\\\\\s0.5\\\\s33\\\\\\\\s1.5\\\\\\\\s0.02\\\\s32\\\\\\\\s1.5\\\\\\\\s0.02\\\\s32\\\\\\\\s1.5\\\\\\\\s0.02\\s1\\\\smy_NAND_1\\\\s33\\\\\\\\s1.5\\\\\\\\s0.02\\\\s0\\\\\\\\s0\\\\\\\\s40\\\\\\\\s5\\\\\\\\s0\\\\\\\\s0\\\\\\\\s0.5\\\\s33\\\\\\\\s1.5\\\\\\\\s0.02\\\\s32\\\\\\\\s1.5\\\\\\\\s0.02\\\\s32\\\\\\\\s1.5\\\\\\\\s0.02\s0\\s2\\s5\\s5
410 1328 48 1472 80 1 全加器 1\s半加器\s1\\smy_NAND_1\\s33\\\\s1.5\\\\s0.02\\s0\\\\s0\\\\s40\\\\s5\\\\s0\\\\s0\\\\s0.5\\s33\\\\s1.5\\\\s0.02\\s32\\\\s1.5\\\\s0.02\\s32\\\\s1.5\\\\s0.02\s1\\smy_NAND_1\\s33\\\\s1.5\\\\s0.02\\s0\\\\s0\\\\s40\\\\s5\\\\s0\\\\s0\\\\s0.5\\s33\\\\s1.5\\\\s0.02\\s32\\\\s1.5\\\\s0.02\\s32\\\\s1.5\\\\s0.02\s1\\smy_NAND_1\\s33\\\\s1.5\\\\s0.02\\s0\\\\s0\\\\s40\\\\s5\\\\s0\\\\s0\\\\s0.5\\s33\\\\s1.5\\\\s0.02\\s32\\\\s1.5\\\\s0.02\\s32\\\\s1.5\\\\s0.02\s1\\smy_NAND_1\\s33\\\\s1.5\\\\s0.02\\s0\\\\s0\\\\s40\\\\s5\\\\s0\\\\s0\\\\s0.5\\s33\\\\s1.5\\\\s0.02\\s32\\\\s1.5\\\\s0.02\\s32\\\\s1.5\\\\s0.02\s1\\smy_NAND_1\\s33\\\\s1.5\\\\s0.02\\s0\\\\s0\\\\s40\\\\s5\\\\s0\\\\s0\\\\s0.5\\s33\\\\s1.5\\\\s0.02\\s32\\\\s1.5\\\\s0.02\\s32\\\\s1.5\\\\s0.02\s1\\smy_NAND_1\\s33\\\\s1.5\\\\s0.02\\s0\\\\s0\\\\s40\\\\s5\\\\s0\\\\s0\\\\s0.5\\s33\\\\s1.5\\\\s0.02\\s32\\\\s1.5\\\\s0.02\\s32\\\\s1.5\\\\s0.02\s1\\smy_NAND_1\\s33\\\\s1.5\\\\s0.02\\s0\\\\s0\\\\s40\\\\s5\\\\s0\\\\s0\\\\s0.5\\s33\\\\s1.5\\\\s0.02\\s32\\\\s1.5\\\\s0.02\\s32\\\\s1.5\\\\s0.02 1\s半加器\s1\\smy_NAND_1\\s33\\\\s1.5\\\\s0.02\\s0\\\\s0\\\\s40\\\\s5\\\\s0\\\\s0\\\\s0.5\\s33\\\\s1.5\\\\s0.02\\s32\\\\s1.5\\\\s0.02\\s32\\\\s1.5\\\\s0.02\s1\\smy_NAND_1\\s33\\\\s1.5\\\\s0.02\\s0\\\\s0\\\\s40\\\\s5\\\\s0\\\\s0\\\\s0.5\\s33\\\\s1.5\\\\s0.02\\s32\\\\s1.5\\\\s0.02\\s32\\\\s1.5\\\\s0.02\s1\\smy_NAND_1\\s33\\\\s1.5\\\\s0.02\\s0\\\\s0\\\\s40\\\\s5\\\\s0\\\\s0\\\\s0.5\\s33\\\\s1.5\\\\s0.02\\s32\\\\s1.5\\\\s0.02\\s32\\\\s1.5\\\\s0.02\s1\\smy_NAND_1\\s33\\\\s1.5\\\\s0.02\\s0\\\\s0\\\\s40\\\\s5\\\\s0\\\\s0\\\\s0.5\\s33\\\\s1.5\\\\s0.02\\s32\\\\s1.5\\\\s0.02\\s32\\\\s1.5\\\\s0.02\s1\\smy_NAND_1\\s33\\\\s1.5\\\\s0.02\\s0\\\\s0\\\\s40\\\\s5\\\\s0\\\\s0\\\\s0.5\\s33\\\\s1.5\\\\s0.02\\s32\\\\s1.5\\\\s0.02\\s32\\\\s1.5\\\\s0.02\s1\\smy_NAND_1\\s33\\\\s1.5\\\\s0.02\\s0\\\\s0\\\\s40\\\\s5\\\\s0\\\\s0\\\\s0.5\\s33\\\\s1.5\\\\s0.02\\s32\\\\s1.5\\\\s0.02\\s32\\\\s1.5\\\\s0.02\s1\\smy_NAND_1\\s33\\\\s1.5\\\\s0.02\\s0\\\\s0\\\\s40\\\\s5\\\\s0\\\\s0\\\\s0.5\\s33\\\\s1.5\\\\s0.02\\s32\\\\s1.5\\\\s0.02\\s32\\\\s1.5\\\\s0.02 0\s2\s5\s5
R 1328 48 1232 48 0 2 20 5 0 0 0.5
R 1328 112 1136 112 0 2 80 5 0 0 0.5
R 1328 80 1184 80 0 2 40 5 0 0 0.5
R 1328 240 1184 240 0 2 40 5 0 0 0.5
R 1328 176 1136 176 0 2 80 5 0 0 0.5
R 1328 208 1232 208 0 2 20 5 0 0 0.5
154 1632 64 1744 64 0 2 0 5
w 1520 48 1632 48 0
w 1632 80 1632 240 0
w 1424 240 1632 240 0
w 1424 176 1520 176 0
w 1520 80 1520 144 0
154 1520 160 1632 160 0 2 0 5
w 1632 160 1744 160 0
403 432 -112 560 -48 0 95_128_0_4098_5_0.1_-1_1
403 592 -112 720 -48 0 97_128_0_4098_5_0.1_-1_1
403 1216 368 1344 432 0 55_64_0_4098_5_0.1_-1_1
403 1312 -400 1664 -336 0 113_64_0_4098_5_0.1_-1_1
403 1312 -320 1664 -256 0 109_64_0_4098_5_0.1_-1_1
403 1312 -240 1664 -176 0 111_64_0_4098_5_0.1_-1_1
w 1744 64 1776 64 0
w 1744 160 1776 160 0
403 1792 32 1920 96 0 136_64_0_4098_0.0000762939453125_0.1_-1_1
403 1792 128 1920 192 0 137_64_0_4098_0.0000762939453125_0.1_-1_1
