$ 3 0.000005 10.20027730826997 50 5 50 5e-11
207 -32 736 -32 688 4 clock
207 -144 736 -144 688 4 clock
207 -256 736 -256 688 4 clock
207 -368 736 -368 688 5 clock
207 -64 832 -64 944 4 b0'
207 -176 832 -176 944 4 b1'
207 -288 832 -288 944 4 b2'
207 -400 832 -400 944 4 b3'
155 -432 768 -400 752 4096 0
155 -320 768 -288 752 4096 0
155 -208 768 -176 752 4096 0
155 -96 768 -64 752 4096 0
207 -400 736 -400 640 4 b3
207 -288 736 -288 640 4 b2
207 -176 736 -176 640 4 b1
207 -64 736 -64 640 4 b0
207 144 592 80 592 4 clock
207 144 480 80 480 4 clock
207 144 368 80 368 4 clock
207 144 256 80 256 4 clock
207 240 560 336 560 4 a0'
207 240 448 336 448 4 a1'
207 240 336 336 336 4 a2'
207 240 224 336 224 4 a3'
207 144 560 48 560 4 a0
207 144 448 48 448 4 a1
207 144 336 48 336 4 a2
207 144 224 48 224 4 a3
155 144 560 160 560 0 0
155 144 448 160 448 0 0
155 144 336 160 336 0 0
155 144 224 160 224 0 0
196 376 696 424 696 2 8
. my_NAND_1 1 6 2 3 A 1 0 2 B 4 1 2 O 2 0 3 MosfetElm\s1\s2\s3\rRailElm\s3\rMosfetElm\s4\s2\s3\rMosfetElm\s1\s5\s2\rMosfetElm\s4\s0\s5 33\\s1.5\\s0.02\s0\\s0\\s40\\s5\\s0\\s0\\s0.5\s33\\s1.5\\s0.02\s32\\s1.5\\s0.02\s32\\s1.5\\s0.02
. 半加器 1 3 2 4 a 1 0 2 b 2 1 2 c 6 1 3 s 21 0 3 CustomCompositeElm\s1\s2\s3\rCustomCompositeElm\s3\s3\s6\rCustomCompositeElm\s2\s2\s9\rCustomCompositeElm\s1\s9\s12\rCustomCompositeElm\s1\s1\s15\rCustomCompositeElm\s2\s15\s18\rCustomCompositeElm\s18\s12\s21 1\\smy_NAND_1\\s33\\\\s1.5\\\\s0.02\\s0\\\\s0\\\\s40\\\\s5\\\\s0\\\\s0\\\\s0.5\\s33\\\\s1.5\\\\s0.02\\s32\\\\s1.5\\\\s0.02\\s32\\\\s1.5\\\\s0.02\s1\\smy_NAND_1\\s33\\\\s1.5\\\\s0.02\\s0\\\\s0\\\\s40\\\\s5\\\\s0\\\\s0\\\\s0.5\\s33\\\\s1.5\\\\s0.02\\s32\\\\s1.5\\\\s0.02\\s32\\\\s1.5\\\\s0.02\s1\\smy_NAND_1\\s33\\\\s1.5\\\\s0.02\\s0\\\\s0\\\\s40\\\\s5\\\\s0\\\\s0\\\\s0.5\\s33\\\\s1.5\\\\s0.02\\s32\\\\s1.5\\\\s0.02\\s32\\\\s1.5\\\\s0.02\s1\\smy_NAND_1\\s33\\\\s1.5\\\\s0.02\\s0\\\\s0\\\\s40\\\\s5\\\\s0\\\\s0\\\\s0.5\\s33\\\\s1.5\\\\s0.02\\s32\\\\s1.5\\\\s0.02\\s32\\\\s1.5\\\\s0.02\s1\\smy_NAND_1\\s33\\\\s1.5\\\\s0.02\\s0\\\\s0\\\\s40\\\\s5\\\\s0\\\\s0\\\\s0.5\\s33\\\\s1.5\\\\s0.02\\s32\\\\s1.5\\\\s0.02\\s32\\\\s1.5\\\\s0.02\s1\\smy_NAND_1\\s33\\\\s1.5\\\\s0.02\\s0\\\\s0\\\\s40\\\\s5\\\\s0\\\\s0\\\\s0.5\\s33\\\\s1.5\\\\s0.02\\s32\\\\s1.5\\\\s0.02\\s32\\\\s1.5\\\\s0.02\s1\\smy_NAND_1\\s33\\\\s1.5\\\\s0.02\\s0\\\\s0\\\\s40\\\\s5\\\\s0\\\\s0\\\\s0.5\\s33\\\\s1.5\\\\s0.02\\s32\\\\s1.5\\\\s0.02\\s32\\\\s1.5\\\\s0.02
. 全加器 1 5 3 5 _a 65 1 2 _b 66 2 2 _c 110 1 3 _s 90 0 3 cin 88 0 2 CustomCompositeElm\s65\s66\s67\s68\rCustomCompositeElm\s88\s68\s89\s90\rOrGateElm\s67\s89\s110 1\\s半加器\\s1\\\\smy_NAND_1\\\\s33\\\\\\\\s1.5\\\\\\\\s0.02\\\\s0\\\\\\\\s0\\\\\\\\s40\\\\\\\\s5\\\\\\\\s0\\\\\\\\s0\\\\\\\\s0.5\\\\s33\\\\\\\\s1.5\\\\\\\\s0.02\\\\s32\\\\\\\\s1.5\\\\\\\\s0.02\\\\s32\\\\\\\\s1.5\\\\\\\\s0.02\\s1\\\\smy_NAND_1\\\\s33\\\\\\\\s1.5\\\\\\\\s0.02\\\\s0\\\\\\\\s0\\\\\\\\s40\\\\\\\\s5\\\\\\\\s0\\\\\\\\s0\\\\\\\\s0.5\\\\s33\\\\\\\\s1.5\\\\\\\\s0.02\\\\s32\\\\\\\\s1.5\\\\\\\\s0.02\\\\s32\\\\\\\\s1.5\\\\\\\\s0.02\\s1\\\\smy_NAND_1\\\\s33\\\\\\\\s1.5\\\\\\\\s0.02\\\\s0\\\\\\\\s0\\\\\\\\s40\\\\\\\\s5\\\\\\\\s0\\\\\\\\s0\\\\\\\\s0.5\\\\s33\\\\\\\\s1.5\\\\\\\\s0.02\\\\s32\\\\\\\\s1.5\\\\\\\\s0.02\\\\s32\\\\\\\\s1.5\\\\\\\\s0.02\\s1\\\\smy_NAND_1\\\\s33\\\\\\\\s1.5\\\\\\\\s0.02\\\\s0\\\\\\\\s0\\\\\\\\s40\\\\\\\\s5\\\\\\\\s0\\\\\\\\s0\\\\\\\\s0.5\\\\s33\\\\\\\\s1.5\\\\\\\\s0.02\\\\s32\\\\\\\\s1.5\\\\\\\\s0.02\\\\s32\\\\\\\\s1.5\\\\\\\\s0.02\\s1\\\\smy_NAND_1\\\\s33\\\\\\\\s1.5\\\\\\\\s0.02\\\\s0\\\\\\\\s0\\\\\\\\s40\\\\\\\\s5\\\\\\\\s0\\\\\\\\s0\\\\\\\\s0.5\\\\s33\\\\\\\\s1.5\\\\\\\\s0.02\\\\s32\\\\\\\\s1.5\\\\\\\\s0.02\\\\s32\\\\\\\\s1.5\\\\\\\\s0.02\\s1\\\\smy_NAND_1\\\\s33\\\\\\\\s1.5\\\\\\\\s0.02\\\\s0\\\\\\\\s0\\\\\\\\s40\\\\\\\\s5\\\\\\\\s0\\\\\\\\s0\\\\\\\\s0.5\\\\s33\\\\\\\\s1.5\\\\\\\\s0.02\\\\s32\\\\\\\\s1.5\\\\\\\\s0.02\\\\s32\\\\\\\\s1.5\\\\\\\\s0.02\\s1\\\\smy_NAND_1\\\\s33\\\\\\\\s1.5\\\\\\\\s0.02\\\\s0\\\\\\\\s0\\\\\\\\s40\\\\\\\\s5\\\\\\\\s0\\\\\\\\s0\\\\\\\\s0.5\\\\s33\\\\\\\\s1.5\\\\\\\\s0.02\\\\s32\\\\\\\\s1.5\\\\\\\\s0.02\\\\s32\\\\\\\\s1.5\\\\\\\\s0.02\s1\\s半加器\\s1\\\\smy_NAND_1\\\\s33\\\\\\\\s1.5\\\\\\\\s0.02\\\\s0\\\\\\\\s0\\\\\\\\s40\\\\\\\\s5\\\\\\\\s0\\\\\\\\s0\\\\\\\\s0.5\\\\s33\\\\\\\\s1.5\\\\\\\\s0.02\\\\s32\\\\\\\\s1.5\\\\\\\\s0.02\\\\s32\\\\\\\\s1.5\\\\\\\\s0.02\\s1\\\\smy_NAND_1\\\\s33\\\\\\\\s1.5\\\\\\\\s0.02\\\\s0\\\\\\\\s0\\\\\\\\s40\\\\\\\\s5\\\\\\\\s0\\\\\\\\s0\\\\\\\\s0.5\\\\s33\\\\\\\\s1.5\\\\\\\\s0.02\\\\s32\\\\\\\\s1.5\\\\\\\\s0.02\\\\s32\\\\\\\\s1.5\\\\\\\\s0.02\\s1\\\\smy_NAND_1\\\\s33\\\\\\\\s1.5\\\\\\\\s0.02\\\\s0\\\\\\\\s0\\\\\\\\s40\\\\\\\\s5\\\\\\\\s0\\\\\\\\s0\\\\\\\\s0.5\\\\s33\\\\\\\\s1.5\\\\\\\\s0.02\\\\s32\\\\\\\\s1.5\\\\\\\\s0.02\\\\s32\\\\\\\\s1.5\\\\\\\\s0.02\\s1\\\\smy_NAND_1\\\\s33\\\\\\\\s1.5\\\\\\\\s0.02\\\\s0\\\\\\\\s0\\\\\\\\s40\\\\\\\\s5\\\\\\\\s0\\\\\\\\s0\\\\\\\\s0.5\\\\s33\\\\\\\\s1.5\\\\\\\\s0.02\\\\s32\\\\\\\\s1.5\\\\\\\\s0.02\\\\s32\\\\\\\\s1.5\\\\\\\\s0.02\\s1\\\\smy_NAND_1\\\\s33\\\\\\\\s1.5\\\\\\\\s0.02\\\\s0\\\\\\\\s0\\\\\\\\s40\\\\\\\\s5\\\\\\\\s0\\\\\\\\s0\\\\\\\\s0.5\\\\s33\\\\\\\\s1.5\\\\\\\\s0.02\\\\s32\\\\\\\\s1.5\\\\\\\\s0.02\\\\s32\\\\\\\\s1.5\\\\\\\\s0.02\\s1\\\\smy_NAND_1\\\\s33\\\\\\\\s1.5\\\\\\\\s0.02\\\\s0\\\\\\\\s0\\\\\\\\s40\\\\\\\\s5\\\\\\\\s0\\\\\\\\s0\\\\\\\\s0.5\\\\s33\\\\\\\\s1.5\\\\\\\\s0.02\\\\s32\\\\\\\\s1.5\\\\\\\\s0.02\\\\s32\\\\\\\\s1.5\\\\\\\\s0.02\\s1\\\\smy_NAND_1\\\\s33\\\\\\\\s1.5\\\\\\\\s0.02\\\\s0\\\\\\\\s0\\\\\\\\s40\\\\\\\\s5\\\\\\\\s0\\\\\\\\s0\\\\\\\\s0.5\\\\s33\\\\\\\\s1.5\\\\\\\\s0.02\\\\s32\\\\\\\\s1.5\\\\\\\\s0.02\\\\s32\\\\\\\\s1.5\\\\\\\\s0.02\s0\\s2\\s5\\s5
. 乘法器 1 4 8 16 p0 26 7 3 p1 6 6 3 p2 146 5 3 p3 301 4 3 p4 323 3 3 p5 367 2 3 p6 411 1 3 p7 410 0 3 x0 1 7 2 x1 28 6 2 x2 29 5 2 x3 76 4 2 y0 2 3 2 y1 27 2 2 y2 143 1 2 y3 298 0 2 CustomCompositeElm\s3\s4\s5\s6\rAndGateElm\s2\s1\s26\rAndGateElm\s27\s1\s3\rAndGateElm\s2\s28\s4\rAndGateElm\s2\s29\s30\rAndGateElm\s27\s28\s31\rCustomCompositeElm\s30\s31\s32\s33\s5\rAndGateElm\s27\s29\s75\rAndGateElm\s2\s76\s77\rCustomCompositeElm\s77\s75\s78\s79\s32\rAndGateElm\s27\s76\s121\rCustomCompositeElm\s78\s121\s122\s123\rAndGateElm\s143\s1\s144\rCustomCompositeElm\s144\s33\s145\s146\rAndGateElm\s143\s1\s166\rCustomCompositeElm\s166\s79\s167\s168\s145\rAndGateElm\s143\s29\s210\rCustomCompositeElm\s210\s123\s211\s212\s167\rAndGateElm\s143\s76\s254\rCustomCompositeElm\s254\s122\s255\s256\s211\rAndGateElm\s298\s1\s299\rCustomCompositeElm\s299\s168\s300\s301\rAndGateElm\s298\s28\s321\rCustomCompositeElm\s321\s212\s322\s323\s300\rAndGateElm\s298\s29\s365\rCustomCompositeElm\s365\s256\s366\s367\s322\rAndGateElm\s298\s76\s409\rCustomCompositeElm\s409\s255\s410\s411\s366 1\\s半加器\\s1\\\\smy_NAND_1\\\\s33\\\\\\\\s1.5\\\\\\\\s0.02\\\\s0\\\\\\\\s0\\\\\\\\s40\\\\\\\\s5\\\\\\\\s0\\\\\\\\s0\\\\\\\\s0.5\\\\s33\\\\\\\\s1.5\\\\\\\\s0.02\\\\s32\\\\\\\\s1.5\\\\\\\\s0.02\\\\s32\\\\\\\\s1.5\\\\\\\\s0.02\\s1\\\\smy_NAND_1\\\\s33\\\\\\\\s1.5\\\\\\\\s0.02\\\\s0\\\\\\\\s0\\\\\\\\s40\\\\\\\\s5\\\\\\\\s0\\\\\\\\s0\\\\\\\\s0.5\\\\s33\\\\\\\\s1.5\\\\\\\\s0.02\\\\s32\\\\\\\\s1.5\\\\\\\\s0.02\\\\s32\\\\\\\\s1.5\\\\\\\\s0.02\\s1\\\\smy_NAND_1\\\\s33\\\\\\\\s1.5\\\\\\\\s0.02\\\\s0\\\\\\\\s0\\\\\\\\s40\\\\\\\\s5\\\\\\\\s0\\\\\\\\s0\\\\\\\\s0.5\\\\s33\\\\\\\\s1.5\\\\\\\\s0.02\\\\s32\\\\\\\\s1.5\\\\\\\\s0.02\\\\s32\\\\\\\\s1.5\\\\\\\\s0.02\\s1\\\\smy_NAND_1\\\\s33\\\\\\\\s1.5\\\\\\\\s0.02\\\\s0\\\\\\\\s0\\\\\\\\s40\\\\\\\\s5\\\\\\\\s0\\\\\\\\s0\\\\\\\\s0.5\\\\s33\\\\\\\\s1.5\\\\\\\\s0.02\\\\s32\\\\\\\\s1.5\\\\\\\\s0.02\\\\s32\\\\\\\\s1.5\\\\\\\\s0.02\\s1\\\\smy_NAND_1\\\\s33\\\\\\\\s1.5\\\\\\\\s0.02\\\\s0\\\\\\\\s0\\\\\\\\s40\\\\\\\\s5\\\\\\\\s0\\\\\\\\s0\\\\\\\\s0.5\\\\s33\\\\\\\\s1.5\\\\\\\\s0.02\\\\s32\\\\\\\\s1.5\\\\\\\\s0.02\\\\s32\\\\\\\\s1.5\\\\\\\\s0.02\\s1\\\\smy_NAND_1\\\\s33\\\\\\\\s1.5\\\\\\\\s0.02\\\\s0\\\\\\\\s0\\\\\\\\s40\\\\\\\\s5\\\\\\\\s0\\\\\\\\s0\\\\\\\\s0.5\\\\s33\\\\\\\\s1.5\\\\\\\\s0.02\\\\s32\\\\\\\\s1.5\\\\\\\\s0.02\\\\s32\\\\\\\\s1.5\\\\\\\\s0.02\\s1\\\\smy_NAND_1\\\\s33\\\\\\\\s1.5\\\\\\\\s0.02\\\\s0\\\\\\\\s0\\\\\\\\s40\\\\\\\\s5\\\\\\\\s0\\\\\\\\s0\\\\\\\\s0.5\\\\s33\\\\\\\\s1.5\\\\\\\\s0.02\\\\s32\\\\\\\\s1.5\\\\\\\\s0.02\\\\s32\\\\\\\\s1.5\\\\\\\\s0.02\s0\\s2\\s0\\s5\s0\\s2\\s0\\s5\s0\\s2\\s0\\s5\s0\\s2\\s0\\s5\s0\\s2\\s0\\s5\s1\\s全加器\\s1\\\\s半加器\\\\s1\\\\\\\\smy_NAND_1\\\\\\\\s33\\\\\\\\\\\\\\\\s1.5\\\\\\\\\\\\\\\\s0.02\\\\\\\\s0\\\\\\\\\\\\\\\\s0\\\\\\\\\\\\\\\\s40\\\\\\\\\\\\\\\\s5\\\\\\\\\\\\\\\\s0\\\\\\\\\\\\\\\\s0\\\\\\\\\\\\\\\\s0.5\\\\\\\\s33\\\\\\\\\\\\\\\\s1.5\\\\\\\\\\\\\\\\s0.02\\\\\\\\s32\\\\\\\\\\\\\\\\s1.5\\\\\\\\\\\\\\\\s0.02\\\\\\\\s32\\\\\\\\\\\\\\\\s1.5\\\\\\\\\\\\\\\\s0.02\\\\s1\\\\\\\\smy_NAND_1\\\\\\\\s33\\\\\\\\\\\\\\\\s1.5\\\\\\\\\\\\\\\\s0.02\\\\\\\\s0\\\\\\\\\\\\\\\\s0\\\\\\\\\\\\\\\\s40\\\\\\\\\\\\\\\\s5\\\\\\\\\\\\\\\\s0\\\\\\\\\\\\\\\\s0\\\\\\\\\\\\\\\\s0.5\\\\\\\\s33\\\\\\\\\\\\\\\\s1.5\\\\\\\\\\\\\\\\s0.02\\\\\\\\s32\\\\\\\\\\\\\\\\s1.5\\\\\\\\\\\\\\\\s0.02\\\\\\\\s32\\\\\\\\\\\\\\\\s1.5\\\\\\\\\\\\\\\\s0.02\\\\s1\\\\\\\\smy_NAND_1\\\\\\\\s33\\\\\\\\\\\\\\\\s1.5\\\\\\\\\\\\\\\\s0.02\\\\\\\\s0\\\\\\\\\\\\\\\\s0\\\\\\\\\\\\\\\\s40\\\\\\\\\\\\\\\\s5\\\\\\\\\\\\\\\\s0\\\\\\\\\\\\\\\\s0\\\\\\\\\\\\\\\\s0.5\\\\\\\\s33\\\\\\\\\\\\\\\\s1.5\\\\\\\\\\\\\\\\s0.02\\\\\\\\s32\\\\\\\\\\\\\\\\s1.5\\\\\\\\\\\\\\\\s0.02\\\\\\\\s32\\\\\\\\\\\\\\\\s1.5\\\\\\\\\\\\\\\\s0.02\\\\s1\\\\\\\\smy_NAND_1\\\\\\\\s33\\\\\\\\\\\\\\\\s1.5\\\\\\\\\\\\\\\\s0.02\\\\\\\\s0\\\\\\\\\\\\\\\\s0\\\\\\\\\\\\\\\\s40\\\\\\\\\\\\\\\\s5\\\\\\\\\\\\\\\\s0\\\\\\\\\\\\\\\\s0\\\\\\\\\\\\\\\\s0.5\\\\\\\\s33\\\\\\\\\\\\\\\\s1.5\\\\\\\\\\\\\\\\s0.02\\\\\\\\s32\\\\\\\\\\\\\\\\s1.5\\\\\\\\\\\\\\\\s0.02\\\\\\\\s32\\\\\\\\\\\\\\\\s1.5\\\\\\\\\\\\\\\\s0.02\\\\s1\\\\\\\\smy_NAND_1\\\\\\\\s33\\\\\\\\\\\\\\\\s1.5\\\\\\\\\\\\\\\\s0.02\\\\\\\\s0\\\\\\\\\\\\\\\\s0\\\\\\\\\\\\\\\\s40\\\\\\\\\\\\\\\\s5\\\\\\\\\\\\\\\\s0\\\\\\\\\\\\\\\\s0\\\\\\\\\\\\\\\\s0.5\\\\\\\\s33\\\\\\\\\\\\\\\\s1.5\\\\\\\\\\\\\\\\s0.02\\\\\\\\s32\\\\\\\\\\\\\\\\s1.5\\\\\\\\\\\\\\\\s0.02\\\\\\\\s32\\\\\\\\\\\\\\\\s1.5\\\\\\\\\\\\\\\\s0.02\\\\s1\\\\\\\\smy_NAND_1\\\\\\\\s33\\\\\\\\\\\\\\\\s1.5\\\\\\\\\\\\\\\\s0.02\\\\\\\\s0\\\\\\\\\\\\\\\\s0\\\\\\\\\\\\\\\\s40\\\\\\\\\\\\\\\\s5\\\\\\\\\\\\\\\\s0\\\\\\\\\\\\\\\\s0\\\\\\\\\\\\\\\\s0.5\\\\\\\\s33\\\\\\\\\\\\\\\\s1.5\\\\\\\\\\\\\\\\s0.02\\\\\\\\s32\\\\\\\\\\\\\\\\s1.5\\\\\\\\\\\\\\\\s0.02\\\\\\\\s32\\\\\\\\\\\\\\\\s1.5\\\\\\\\\\\\\\\\s0.02\\\\s1\\\\\\\\smy_NAND_1\\\\\\\\s33\\\\\\\\\\\\\\\\s1.5\\\\\\\\\\\\\\\\s0.02\\\\\\\\s0\\\\\\\\\\\\\\\\s0\\\\\\\\\\\\\\\\s40\\\\\\\\\\\\\\\\s5\\\\\\\\\\\\\\\\s0\\\\\\\\\\\\\\\\s0\\\\\\\\\\\\\\\\s0.5\\\\\\\\s33\\\\\\\\\\\\\\\\s1.5\\\\\\\\\\\\\\\\s0.02\\\\\\\\s32\\\\\\\\\\\\\\\\s1.5\\\\\\\\\\\\\\\\s0.02\\\\\\\\s32\\\\\\\\\\\\\\\\s1.5\\\\\\\\\\\\\\\\s0.02\\s1\\\\s半加器\\\\s1\\\\\\\\smy_NAND_1\\\\\\\\s33\\\\\\\\\\\\\\\\s1.5\\\\\\\\\\\\\\\\s0.02\\\\\\\\s0\\\\\\\\\\\\\\\\s0\\\\\\\\\\\\\\\\s40\\\\\\\\\\\\\\\\s5\\\\\\\\\\\\\\\\s0\\\\\\\\\\\\\\\\s0\\\\\\\\\\\\\\\\s0.5\\\\\\\\s33\\\\\\\\\\\\\\\\s1.5\\\\\\\\\\\\\\\\s0.02\\\\\\\\s32\\\\\\\\\\\\\\\\s1.5\\\\\\\\\\\\\\\\s0.02\\\\\\\\s32\\\\\\\\\\\\\\\\s1.5\\\\\\\\\\\\\\\\s0.02\\\\s1\\\\\\\\smy_NAND_1\\\\\\\\s33\\\\\\\\\\\\\\\\s1.5\\\\\\\\\\\\\\\\s0.02\\\\\\\\s0\\\\\\\\\\\\\\\\s0\\\\\\\\\\\\\\\\s40\\\\\\\\\\\\\\\\s5\\\\\\\\\\\\\\\\s0\\\\\\\\\\\\\\\\s0\\\\\\\\\\\\\\\\s0.5\\\\\\\\s33\\\\\\\\\\\\\\\\s1.5\\\\\\\\\\\\\\\\s0.02\\\\\\\\s32\\\\\\\\\\\\\\\\s1.5\\\\\\\\\\\\\\\\s0.02\\\\\\\\s32\\\\\\\\\\\\\\\\s1.5\\\\\\\\\\\\\\\\s0.02\\\\s1\\\\\\\\smy_NAND_1\\\\\\\\s33\\\\\\\\\\\\\\\\s1.5\\\\\\\\\\\\\\\\s0.02\\\\\\\\s0\\\\\\\\\\\\\\\\s0\\\\\\\\\\\\\\\\s40\\\\\\\\\\\\\\\\s5\\\\\\\\\\\\\\\\s0\\\\\\\\\\\\\\\\s0\\\\\\\\\\\\\\\\s0.5\\\\\\\\s33\\\\\\\\\\\\\\\\s1.5\\\\\\\\\\\\\\\\s0.02\\\\\\\\s32\\\\\\\\\\\\\\\\s1.5\\\\\\\\\\\\\\\\s0.02\\\\\\\\s32\\\\\\\\\\\\\\\\s1.5\\\\\\\\\\\\\\\\s0.02\\\\s1\\\\\\\\smy_NAND_1\\\\\\\\s33\\\\\\\\\\\\\\\\s1.5\\\\\\\\\\\\\\\\s0.02\\\\\\\\s0\\\\\\\\\\\\\\\\s0\\\\\\\\\\\\\\\\s40\\\\\\\\\\\\\\\\s5\\\\\\\\\\\\\\\\s0\\\\\\\\\\\\\\\\s0\\\\\\\\\\\\\\\\s0.5\\\\\\\\s33\\\\\\\\\\\\\\\\s1.5\\\\\\\\\\\\\\\\s0.02\\\\\\\\s32\\\\\\\\\\\\\\\\s1.5\\\\\\\\\\\\\\\\s0.02\\\\\\\\s32\\\\\\\\\\\\\\\\s1.5\\\\\\\\\\\\\\\\s0.02\\\\s1\\\\\\\\smy_NAND_1\\\\\\\\s33\\\\\\\\\\\\\\\\s1.5\\\\\\\\\\\\\\\\s0.02\\\\\\\\s0\\\\\\\\\\\\\\\\s0\\\\\\\\\\\\\\\\s40\\\\\\\\\\\\\\\\s5\\\\\\\\\\\\\\\\s0\\\\\\\\\\\\\\\\s0\\\\\\\\\\\\\\\\s0.5\\\\\\\\s33\\\\\\\\\\\\\\\\s1.5\\\\\\\\\\\\\\\\s0.02\\\\\\\\s32\\\\\\\\\\\\\\\\s1.5\\\\\\\\\\\\\\\\s0.02\\\\\\\\s32\\\\\\\\\\\\\\\\s1.5\\\\\\\\\\\\\\\\s0.02\\\\s1\\\\\\\\smy_NAND_1\\\\\\\\s33\\\\\\\\\\\\\\\\s1.5\\\\\\\\\\\\\\\\s0.02\\\\\\\\s0\\\\\\\\\\\\\\\\s0\\\\\\\\\\\\\\\\s40\\\\\\\\\\\\\\\\s5\\\\\\\\\\\\\\\\s0\\\\\\\\\\\\\\\\s0\\\\\\\\\\\\\\\\s0.5\\\\\\\\s33\\\\\\\\\\\\\\\\s1.5\\\\\\\\\\\\\\\\s0.02\\\\\\\\s32\\\\\\\\\\\\\\\\s1.5\\\\\\\\\\\\\\\\s0.02\\\\\\\\s32\\\\\\\\\\\\\\\\s1.5\\\\\\\\\\\\\\\\s0.02\\\\s1\\\\\\\\smy_NAND_1\\\\\\\\s33\\\\\\\\\\\\\\\\s1.5\\\\\\\\\\\\\\\\s0.02\\\\\\\\s0\\\\\\\\\\\\\\\\s0\\\\\\\\\\\\\\\\s40\\\\\\\\\\\\\\\\s5\\\\\\\\\\\\\\\\s0\\\\\\\\\\\\\\\\s0\\\\\\\\\\\\\\\\s0.5\\\\\\\\s33\\\\\\\\\\\\\\\\s1.5\\\\\\\\\\\\\\\\s0.02\\\\\\\\s32\\\\\\\\\\\\\\\\s1.5\\\\\\\\\\\\\\\\s0.02\\\\\\\\s32\\\\\\\\\\\\\\\\s1.5\\\\\\\\\\\\\\\\s0.02\\s0\\\\s2\\\\s0\\\\s5\s0\\s2\\s0\\s5\s0\\s2\\s0\\s5\s1\\s全加器\\s1\\\\s半加器\\\\s1\\\\\\\\smy_NAND_1\\\\\\\\s33\\\\\\\\\\\\\\\\s1.5\\\\\\\\\\\\\\\\s0.02\\\\\\\\s0\\\\\\\\\\\\\\\\s0\\\\\\\\\\\\\\\\s40\\\\\\\\\\\\\\\\s5\\\\\\\\\\\\\\\\s0\\\\\\\\\\\\\\\\s0\\\\\\\\\\\\\\\\s0.5\\\\\\\\s33\\\\\\\\\\\\\\\\s1.5\\\\\\\\\\\\\\\\s0.02\\\\\\\\s32\\\\\\\\\\\\\\\\s1.5\\\\\\\\\\\\\\\\s0.02\\\\\\\\s32\\\\\\\\\\\\\\\\s1.5\\\\\\\\\\\\\\\\s0.02\\\\s1\\\\\\\\smy_NAND_1\\\\\\\\s33\\\\\\\\\\\\\\\\s1.5\\\\\\\\\\\\\\\\s0.02\\\\\\\\s0\\\\\\\\\\\\\\\\s0\\\\\\\\\\\\\\\\s40\\\\\\\\\\\\\\\\s5\\\\\\\\\\\\\\\\s0\\\\\\\\\\\\\\\\s0\\\\\\\\\\\\\\\\s0.5\\\\\\\\s33\\\\\\\\\\\\\\\\s1.5\\\\\\\\\\\\\\\\s0.02\\\\\\\\s32\\\\\\\\\\\\\\\\s1.5\\\\\\\\\\\\\\\\s0.02\\\\\\\\s32\\\\\\\\\\\\\\\\s1.5\\\\\\\\\\\\\\\\s0.02\\\\s1\\\\\\\\smy_NAND_1\\\\\\\\s33\\\\\\\\\\\\\\\\s1.5\\\\\\\\\\\\\\\\s0.02\\\\\\\\s0\\\\\\\\\\\\\\\\s0\\\\\\\\\\\\\\\\s40\\\\\\\\\\\\\\\\s5\\\\\\\\\\\\\\\\s0\\\\\\\\\\\\\\\\s0\\\\\\\\\\\\\\\\s0.5\\\\\\\\s33\\\\\\\\\\\\\\\\s1.5\\\\\\\\\\\\\\\\s0.02\\\\\\\\s32\\\\\\\\\\\\\\\\s1.5\\\\\\\\\\\\\\\\s0.02\\\\\\\\s32\\\\\\\\\\\\\\\\s1.5\\\\\\\\\\\\\\\\s0.02\\\\s1\\\\\\\\smy_NAND_1\\\\\\\\s33\\\\\\\\\\\\\\\\s1.5\\\\\\\\\\\\\\\\s0.02\\\\\\\\s0\\\\\\\\\\\\\\\\s0\\\\\\\\\\\\\\\\s40\\\\\\\\\\\\\\\\s5\\\\\\\\\\\\\\\\s0\\\\\\\\\\\\\\\\s0\\\\\\\\\\\\\\\\s0.5\\\\\\\\s33\\\\\\\\\\\\\\\\s1.5\\\\\\\\\\\\\\\\s0.02\\\\\\\\s32\\\\\\\\\\\\\\\\s1.5\\\\\\\\\\\\\\\\s0.02\\\\\\\\s32\\\\\\\\\\\\\\\\s1.5\\\\\\\\\\\\\\\\s0.02\\\\s1\\\\\\\\smy_NAND_1\\\\\\\\s33\\\\\\\\\\\\\\\\s1.5\\\\\\\\\\\\\\\\s0.02\\\\\\\\s0\\\\\\\\\\\\\\\\s0\\\\\\\\\\\\\\\\s40\\\\\\\\\\\\\\\\s5\\\\\\\\\\\\\\\\s0\\\\\\\\\\\\\\\\s0\\\\\\\\\\\\\\\\s0.5\\\\\\\\s33\\\\\\\\\\\\\\\\s1.5\\\\\\\\\\\\\\\\s0.02\\\\\\\\s32\\\\\\\\\\\\\\\\s1.5\\\\\\\\\\\\\\\\s0.02\\\\\\\\s32\\\\\\\\\\\\\\\\s1.5\\\\\\\\\\\\\\\\s0.02\\\\s1\\\\\\\\smy_NAND_1\\\\\\\\s33\\\\\\\\\\\\\\\\s1.5\\\\\\\\\\\\\\\\s0.02\\\\\\\\s0\\\\\\\\\\\\\\\\s0\\\\\\\\\\\\\\\\s40\\\\\\\\\\\\\\\\s5\\\\\\\\\\\\\\\\s0\\\\\\\\\\\\\\\\s0\\\\\\\\\\\\\\\\s0.5\\\\\\\\s33\\\\\\\\\\\\\\\\s1.5\\\\\\\\\\\\\\\\s0.02\\\\\\\\s32\\\\\\\\\\\\\\\\s1.5\\\\\\\\\\\\\\\\s0.02\\\\\\\\s32\\\\\\\\\\\\\\\\s1.5\\\\\\\\\\\\\\\\s0.02\\\\s1\\\\\\\\smy_NAND_1\\\\\\\\s33\\\\\\\\\\\\\\\\s1.5\\\\\\\\\\\\\\\\s0.02\\\\\\\\s0\\\\\\\\\\\\\\\\s0\\\\\\\\\\\\\\\\s40\\\\\\\\\\\\\\\\s5\\\\\\\\\\\\\\\\s0\\\\\\\\\\\\\\\\s0\\\\\\\\\\\\\\\\s0.5\\\\\\\\s33\\\\\\\\\\\\\\\\s1.5\\\\\\\\\\\\\\\\s0.02\\\\\\\\s32\\\\\\\\\\\\\\\\s1.5\\\\\\\\\\\\\\\\s0.02\\\\\\\\s32\\\\\\\\\\\\\\\\s1.5\\\\\\\\\\\\\\\\s0.02\\s1\\\\s半加器\\\\s1\\\\\\\\smy_NAND_1\\\\\\\\s33\\\\\\\\\\\\\\\\s1.5\\\\\\\\\\\\\\\\s0.02\\\\\\\\s0\\\\\\\\\\\\\\\\s0\\\\\\\\\\\\\\\\s40\\\\\\\\\\\\\\\\s5\\\\\\\\\\\\\\\\s0\\\\\\\\\\\\\\\\s0\\\\\\\\\\\\\\\\s0.5\\\\\\\\s33\\\\\\\\\\\\\\\\s1.5\\\\\\\\\\\\\\\\s0.02\\\\\\\\s32\\\\\\\\\\\\\\\\s1.5\\\\\\\\\\\\\\\\s0.02\\\\\\\\s32\\\\\\\\\\\\\\\\s1.5\\\\\\\\\\\\\\\\s0.02\\\\s1\\\\\\\\smy_NAND_1\\\\\\\\s33\\\\\\\\\\\\\\\\s1.5\\\\\\\\\\\\\\\\s0.02\\\\\\\\s0\\\\\\\\\\\\\\\\s0\\\\\\\\\\\\\\\\s40\\\\\\\\\\\\\\\\s5\\\\\\\\\\\\\\\\s0\\\\\\\\\\\\\\\\s0\\\\\\\\\\\\\\\\s0.5\\\\\\\\s33\\\\\\\\\\\\\\\\s1.5\\\\\\\\\\\\\\\\s0.02\\\\\\\\s32\\\\\\\\\\\\\\\\s1.5\\\\\\\\\\\\\\\\s0.02\\\\\\\\s32\\\\\\\\\\\\\\\\s1.5\\\\\\\\\\\\\\\\s0.02\\\\s1\\\\\\\\smy_NAND_1\\\\\\\\s33\\\\\\\\\\\\\\\\s1.5\\\\\\\\\\\\\\\\s0.02\\\\\\\\s0\\\\\\\\\\\\\\\\s0\\\\\\\\\\\\\\\\s40\\\\\\\\\\\\\\\\s5\\\\\\\\\\\\\\\\s0\\\\\\\\\\\\\\\\s0\\\\\\\\\\\\\\\\s0.5\\\\\\\\s33\\\\\\\\\\\\\\\\s1.5\\\\\\\\\\\\\\\\s0.02\\\\\\\\s32\\\\\\\\\\\\\\\\s1.5\\\\\\\\\\\\\\\\s0.02\\\\\\\\s32\\\\\\\\\\\\\\\\s1.5\\\\\\\\\\\\\\\\s0.02\\\\s1\\\\\\\\smy_NAND_1\\\\\\\\s33\\\\\\\\\\\\\\\\s1.5\\\\\\\\\\\\\\\\s0.02\\\\\\\\s0\\\\\\\\\\\\\\\\s0\\\\\\\\\\\\\\\\s40\\\\\\\\\\\\\\\\s5\\\\\\\\\\\\\\\\s0\\\\\\\\\\\\\\\\s0\\\\\\\\\\\\\\\\s0.5\\\\\\\\s33\\\\\\\\\\\\\\\\s1.5\\\\\\\\\\\\\\\\s0.02\\\\\\\\s32\\\\\\\\\\\\\\\\s1.5\\\\\\\\\\\\\\\\s0.02\\\\\\\\s32\\\\\\\\\\\\\\\\s1.5\\\\\\\\\\\\\\\\s0.02\\\\s1\\\\\\\\smy_NAND_1\\\\\\\\s33\\\\\\\\\\\\\\\\s1.5\\\\\\\\\\\\\\\\s0.02\\\\\\\\s0\\\\\\\\\\\\\\\\s0\\\\\\\\\\\\\\\\s40\\\\\\\\\\\\\\\\s5\\\\\\\\\\\\\\\\s0\\\\\\\\\\\\\\\\s0\\\\\\\\\\\\\\\\s0.5\\\\\\\\s33\\\\\\\\\\\\\\\\s1.5\\\\\\\\\\\\\\\\s0.02\\\\\\\\s32\\\\\\\\\\\\\\\\s1.5\\\\\\\\\\\\\\\\s0.02\\\\\\\\s32\\\\\\\\\\\\\\\\s1.5\\\\\\\\\\\\\\\\s0.02\\\\s1\\\\\\\\smy_NAND_1\\\\\\\\s33\\\\\\\\\\\\\\\\s1.5\\\\\\\\\\\\\\\\s0.02\\\\\\\\s0\\\\\\\\\\\\\\\\s0\\\\\\\\\\\\\\\\s40\\\\\\\\\\\\\\\\s5\\\\\\\\\\\\\\\\s0\\\\\\\\\\\\\\\\s0\\\\\\\\\\\\\\\\s0.5\\\\\\\\s33\\\\\\\\\\\\\\\\s1.5\\\\\\\\\\\\\\\\s0.02\\\\\\\\s32\\\\\\\\\\\\\\\\s1.5\\\\\\\\\\\\\\\\s0.02\\\\\\\\s32\\\\\\\\\\\\\\\\s1.5\\\\\\\\\\\\\\\\s0.02\\\\s1\\\\\\\\smy_NAND_1\\\\\\\\s33\\\\\\\\\\\\\\\\s1.5\\\\\\\\\\\\\\\\s0.02\\\\\\\\s0\\\\\\\\\\\\\\\\s0\\\\\\\\\\\\\\\\s40\\\\\\\\\\\\\\\\s5\\\\\\\\\\\\\\\\s0\\\\\\\\\\\\\\\\s0\\\\\\\\\\\\\\\\s0.5\\\\\\\\s33\\\\\\\\\\\\\\\\s1.5\\\\\\\\\\\\\\\\s0.02\\\\\\\\s32\\\\\\\\\\\\\\\\s1.5\\\\\\\\\\\\\\\\s0.02\\\\\\\\s32\\\\\\\\\\\\\\\\s1.5\\\\\\\\\\\\\\\\s0.02\\s0\\\\s2\\\\s0\\\\s5\s0\\s2\\s0\\s5\s1\\s半加器\\s1\\\\smy_NAND_1\\\\s33\\\\\\\\s1.5\\\\\\\\s0.02\\\\s0\\\\\\\\s0\\\\\\\\s40\\\\\\\\s5\\\\\\\\s0\\\\\\\\s0\\\\\\\\s0.5\\\\s33\\\\\\\\s1.5\\\\\\\\s0.02\\\\s32\\\\\\\\s1.5\\\\\\\\s0.02\\\\s32\\\\\\\\s1.5\\\\\\\\s0.02\\s1\\\\smy_NAND_1\\\\s33\\\\\\\\s1.5\\\\\\\\s0.02\\\\s0\\\\\\\\s0\\\\\\\\s40\\\\\\\\s5\\\\\\\\s0\\\\\\\\s0\\\\\\\\s0.5\\\\s33\\\\\\\\s1.5\\\\\\\\s0.02\\\\s32\\\\\\\\s1.5\\\\\\\\s0.02\\\\s32\\\\\\\\s1.5\\\\\\\\s0.02\\s1\\\\smy_NAND_1\\\\s33\\\\\\\\s1.5\\\\\\\\s0.02\\\\s0\\\\\\\\s0\\\\\\\\s40\\\\\\\\s5\\\\\\\\s0\\\\\\\\s0\\\\\\\\s0.5\\\\s33\\\\\\\\s1.5\\\\\\\\s0.02\\\\s32\\\\\\\\s1.5\\\\\\\\s0.02\\\\s32\\\\\\\\s1.5\\\\\\\\s0.02\\s1\\\\smy_NAND_1\\\\s33\\\\\\\\s1.5\\\\\\\\s0.02\\\\s0\\\\\\\\s0\\\\\\\\s40\\\\\\\\s5\\\\\\\\s0\\\\\\\\s0\\\\\\\\s0.5\\\\s33\\\\\\\\s1.5\\\\\\\\s0.02\\\\s32\\\\\\\\s1.5\\\\\\\\s0.02\\\\s32\\\\\\\\s1.5\\\\\\\\s0.02\\s1\\\\smy_NAND_1\\\\s33\\\\\\\\s1.5\\\\\\\\s0.02\\\\s0\\\\\\\\s0\\\\\\\\s40\\\\\\\\s5\\\\\\\\s0\\\\\\\\s0\\\\\\\\s0.5\\\\s33\\\\\\\\s1.5\\\\\\\\s0.02\\\\s32\\\\\\\\s1.5\\\\\\\\s0.02\\\\s32\\\\\\\\s1.5\\\\\\\\s0.02\\s1\\\\smy_NAND_1\\\\s33\\\\\\\\s1.5\\\\\\\\s0.02\\\\s0\\\\\\\\s0\\\\\\\\s40\\\\\\\\s5\\\\\\\\s0\\\\\\\\s0\\\\\\\\s0.5\\\\s33\\\\\\\\s1.5\\\\\\\\s0.02\\\\s32\\\\\\\\s1.5\\\\\\\\s0.02\\\\s32\\\\\\\\s1.5\\\\\\\\s0.02\\s1\\\\smy_NAND_1\\\\s33\\\\\\\\s1.5\\\\\\\\s0.02\\\\s0\\\\\\\\s0\\\\\\\\s40\\\\\\\\s5\\\\\\\\s0\\\\\\\\s0\\\\\\\\s0.5\\\\s33\\\\\\\\s1.5\\\\\\\\s0.02\\\\s32\\\\\\\\s1.5\\\\\\\\s0.02\\\\s32\\\\\\\\s1.5\\\\\\\\s0.02\s0\\s2\\s0\\s5\s1\\s半加器\\s1\\\\smy_NAND_1\\\\s33\\\\\\\\s1.5\\\\\\\\s0.02\\\\s0\\\\\\\\s0\\\\\\\\s40\\\\\\\\s5\\\\\\\\s0\\\\\\\\s0\\\\\\\\s0.5\\\\s33\\\\\\\\s1.5\\\\\\\\s0.02\\\\s32\\\\\\\\s1.5\\\\\\\\s0.02\\\\s32\\\\\\\\s1.5\\\\\\\\s0.02\\s1\\\\smy_NAND_1\\\\s33\\\\\\\\s1.5\\\\\\\\s0.02\\\\s0\\\\\\\\s0\\\\\\\\s40\\\\\\\\s5\\\\\\\\s0\\\\\\\\s0\\\\\\\\s0.5\\\\s33\\\\\\\\s1.5\\\\\\\\s0.02\\\\s32\\\\\\\\s1.5\\\\\\\\s0.02\\\\s32\\\\\\\\s1.5\\\\\\\\s0.02\\s1\\\\smy_NAND_1\\\\s33\\\\\\\\s1.5\\\\\\\\s0.02\\\\s0\\\\\\\\s0\\\\\\\\s40\\\\\\\\s5\\\\\\\\s0\\\\\\\\s0\\\\\\\\s0.5\\\\s33\\\\\\\\s1.5\\\\\\\\s0.02\\\\s32\\\\\\\\s1.5\\\\\\\\s0.02\\\\s32\\\\\\\\s1.5\\\\\\\\s0.02\\s1\\\\smy_NAND_1\\\\s33\\\\\\\\s1.5\\\\\\\\s0.02\\\\s0\\\\\\\\s0\\\\\\\\s40\\\\\\\\s5\\\\\\\\s0\\\\\\\\s0\\\\\\\\s0.5\\\\s33\\\\\\\\s1.5\\\\\\\\s0.02\\\\s32\\\\\\\\s1.5\\\\\\\\s0.02\\\\s32\\\\\\\\s1.5\\\\\\\\s0.02\\s1\\\\smy_NAND_1\\\\s33\\\\\\\\s1.5\\\\\\\\s0.02\\\\s0\\\\\\\\s0\\\\\\\\s40\\\\\\\\s5\\\\\\\\s0\\\\\\\\s0\\\\\\\\s0.5\\\\s33\\\\\\\\s1.5\\\\\\\\s0.02\\\\s32\\\\\\\\s1.5\\\\\\\\s0.02\\\\s32\\\\\\\\s1.5\\\\\\\\s0.02\\s1\\\\smy_NAND_1\\\\s33\\\\\\\\s1.5\\\\\\\\s0.02\\\\s0\\\\\\\\s0\\\\\\\\s40\\\\\\\\s5\\\\\\\\s0\\\\\\\\s0\\\\\\\\s0.5\\\\s33\\\\\\\\s1.5\\\\\\\\s0.02\\\\s32\\\\\\\\s1.5\\\\\\\\s0.02\\\\s32\\\\\\\\s1.5\\\\\\\\s0.02\\s1\\\\smy_NAND_1\\\\s33\\\\\\\\s1.5\\\\\\\\s0.02\\\\s0\\\\\\\\s0\\\\\\\\s40\\\\\\\\s5\\\\\\\\s0\\\\\\\\s0\\\\\\\\s0.5\\\\s33\\\\\\\\s1.5\\\\\\\\s0.02\\\\s32\\\\\\\\s1.5\\\\\\\\s0.02\\\\s32\\\\\\\\s1.5\\\\\\\\s0.02\s0\\s2\\s0\\s5\s1\\s全加器\\s1\\\\s半加器\\\\s1\\\\\\\\smy_NAND_1\\\\\\\\s33\\\\\\\\\\\\\\\\s1.5\\\\\\\\\\\\\\\\s0.02\\\\\\\\s0\\\\\\\\\\\\\\\\s0\\\\\\\\\\\\\\\\s40\\\\\\\\\\\\\\\\s5\\\\\\\\\\\\\\\\s0\\\\\\\\\\\\\\\\s0\\\\\\\\\\\\\\\\s0.5\\\\\\\\s33\\\\\\\\\\\\\\\\s1.5\\\\\\\\\\\\\\\\s0.02\\\\\\\\s32\\\\\\\\\\\\\\\\s1.5\\\\\\\\\\\\\\\\s0.02\\\\\\\\s32\\\\\\\\\\\\\\\\s1.5\\\\\\\\\\\\\\\\s0.02\\\\s1\\\\\\\\smy_NAND_1\\\\\\\\s33\\\\\\\\\\\\\\\\s1.5\\\\\\\\\\\\\\\\s0.02\\\\\\\\s0\\\\\\\\\\\\\\\\s0\\\\\\\\\\\\\\\\s40\\\\\\\\\\\\\\\\s5\\\\\\\\\\\\\\\\s0\\\\\\\\\\\\\\\\s0\\\\\\\\\\\\\\\\s0.5\\\\\\\\s33\\\\\\\\\\\\\\\\s1.5\\\\\\\\\\\\\\\\s0.02\\\\\\\\s32\\\\\\\\\\\\\\\\s1.5\\\\\\\\\\\\\\\\s0.02\\\\\\\\s32\\\\\\\\\\\\\\\\s1.5\\\\\\\\\\\\\\\\s0.02\\\\s1\\\\\\\\smy_NAND_1\\\\\\\\s33\\\\\\\\\\\\\\\\s1.5\\\\\\\\\\\\\\\\s0.02\\\\\\\\s0\\\\\\\\\\\\\\\\s0\\\\\\\\\\\\\\\\s40\\\\\\\\\\\\\\\\s5\\\\\\\\\\\\\\\\s0\\\\\\\\\\\\\\\\s0\\\\\\\\\\\\\\\\s0.5\\\\\\\\s33\\\\\\\\\\\\\\\\s1.5\\\\\\\\\\\\\\\\s0.02\\\\\\\\s32\\\\\\\\\\\\\\\\s1.5\\\\\\\\\\\\\\\\s0.02\\\\\\\\s32\\\\\\\\\\\\\\\\s1.5\\\\\\\\\\\\\\\\s0.02\\\\s1\\\\\\\\smy_NAND_1\\\\\\\\s33\\\\\\\\\\\\\\\\s1.5\\\\\\\\\\\\\\\\s0.02\\\\\\\\s0\\\\\\\\\\\\\\\\s0\\\\\\\\\\\\\\\\s40\\\\\\\\\\\\\\\\s5\\\\\\\\\\\\\\\\s0\\\\\\\\\\\\\\\\s0\\\\\\\\\\\\\\\\s0.5\\\\\\\\s33\\\\\\\\\\\\\\\\s1.5\\\\\\\\\\\\\\\\s0.02\\\\\\\\s32\\\\\\\\\\\\\\\\s1.5\\\\\\\\\\\\\\\\s0.02\\\\\\\\s32\\\\\\\\\\\\\\\\s1.5\\\\\\\\\\\\\\\\s0.02\\\\s1\\\\\\\\smy_NAND_1\\\\\\\\s33\\\\\\\\\\\\\\\\s1.5\\\\\\\\\\\\\\\\s0.02\\\\\\\\s0\\\\\\\\\\\\\\\\s0\\\\\\\\\\\\\\\\s40\\\\\\\\\\\\\\\\s5\\\\\\\\\\\\\\\\s0\\\\\\\\\\\\\\\\s0\\\\\\\\\\\\\\\\s0.5\\\\\\\\s33\\\\\\\\\\\\\\\\s1.5\\\\\\\\\\\\\\\\s0.02\\\\\\\\s32\\\\\\\\\\\\\\\\s1.5\\\\\\\\\\\\\\\\s0.02\\\\\\\\s32\\\\\\\\\\\\\\\\s1.5\\\\\\\\\\\\\\\\s0.02\\\\s1\\\\\\\\smy_NAND_1\\\\\\\\s33\\\\\\\\\\\\\\\\s1.5\\\\\\\\\\\\\\\\s0.02\\\\\\\\s0\\\\\\\\\\\\\\\\s0\\\\\\\\\\\\\\\\s40\\\\\\\\\\\\\\\\s5\\\\\\\\\\\\\\\\s0\\\\\\\\\\\\\\\\s0\\\\\\\\\\\\\\\\s0.5\\\\\\\\s33\\\\\\\\\\\\\\\\s1.5\\\\\\\\\\\\\\\\s0.02\\\\\\\\s32\\\\\\\\\\\\\\\\s1.5\\\\\\\\\\\\\\\\s0.02\\\\\\\\s32\\\\\\\\\\\\\\\\s1.5\\\\\\\\\\\\\\\\s0.02\\\\s1\\\\\\\\smy_NAND_1\\\\\\\\s33\\\\\\\\\\\\\\\\s1.5\\\\\\\\\\\\\\\\s0.02\\\\\\\\s0\\\\\\\\\\\\\\\\s0\\\\\\\\\\\\\\\\s40\\\\\\\\\\\\\\\\s5\\\\\\\\\\\\\\\\s0\\\\\\\\\\\\\\\\s0\\\\\\\\\\\\\\\\s0.5\\\\\\\\s33\\\\\\\\\\\\\\\\s1.5\\\\\\\\\\\\\\\\s0.02\\\\\\\\s32\\\\\\\\\\\\\\\\s1.5\\\\\\\\\\\\\\\\s0.02\\\\\\\\s32\\\\\\\\\\\\\\\\s1.5\\\\\\\\\\\\\\\\s0.02\\s1\\\\s半加器\\\\s1\\\\\\\\smy_NAND_1\\\\\\\\s33\\\\\\\\\\\\\\\\s1.5\\\\\\\\\\\\\\\\s0.02\\\\\\\\s0\\\\\\\\\\\\\\\\s0\\\\\\\\\\\\\\\\s40\\\\\\\\\\\\\\\\s5\\\\\\\\\\\\\\\\s0\\\\\\\\\\\\\\\\s0\\\\\\\\\\\\\\\\s0.5\\\\\\\\s33\\\\\\\\\\\\\\\\s1.5\\\\\\\\\\\\\\\\s0.02\\\\\\\\s32\\\\\\\\\\\\\\\\s1.5\\\\\\\\\\\\\\\\s0.02\\\\\\\\s32\\\\\\\\\\\\\\\\s1.5\\\\\\\\\\\\\\\\s0.02\\\\s1\\\\\\\\smy_NAND_1\\\\\\\\s33\\\\\\\\\\\\\\\\s1.5\\\\\\\\\\\\\\\\s0.02\\\\\\\\s0\\\\\\\\\\\\\\\\s0\\\\\\\\\\\\\\\\s40\\\\\\\\\\\\\\\\s5\\\\\\\\\\\\\\\\s0\\\\\\\\\\\\\\\\s0\\\\\\\\\\\\\\\\s0.5\\\\\\\\s33\\\\\\\\\\\\\\\\s1.5\\\\\\\\\\\\\\\\s0.02\\\\\\\\s32\\\\\\\\\\\\\\\\s1.5\\\\\\\\\\\\\\\\s0.02\\\\\\\\s32\\\\\\\\\\\\\\\\s1.5\\\\\\\\\\\\\\\\s0.02\\\\s1\\\\\\\\smy_NAND_1\\\\\\\\s33\\\\\\\\\\\\\\\\s1.5\\\\\\\\\\\\\\\\s0.02\\\\\\\\s0\\\\\\\\\\\\\\\\s0\\\\\\\\\\\\\\\\s40\\\\\\\\\\\\\\\\s5\\\\\\\\\\\\\\\\s0\\\\\\\\\\\\\\\\s0\\\\\\\\\\\\\\\\s0.5\\\\\\\\s33\\\\\\\\\\\\\\\\s1.5\\\\\\\\\\\\\\\\s0.02\\\\\\\\s32\\\\\\\\\\\\\\\\s1.5\\\\\\\\\\\\\\\\s0.02\\\\\\\\s32\\\\\\\\\\\\\\\\s1.5\\\\\\\\\\\\\\\\s0.02\\\\s1\\\\\\\\smy_NAND_1\\\\\\\\s33\\\\\\\\\\\\\\\\s1.5\\\\\\\\\\\\\\\\s0.02\\\\\\\\s0\\\\\\\\\\\\\\\\s0\\\\\\\\\\\\\\\\s40\\\\\\\\\\\\\\\\s5\\\\\\\\\\\\\\\\s0\\\\\\\\\\\\\\\\s0\\\\\\\\\\\\\\\\s0.5\\\\\\\\s33\\\\\\\\\\\\\\\\s1.5\\\\\\\\\\\\\\\\s0.02\\\\\\\\s32\\\\\\\\\\\\\\\\s1.5\\\\\\\\\\\\\\\\s0.02\\\\\\\\s32\\\\\\\\\\\\\\\\s1.5\\\\\\\\\\\\\\\\s0.02\\\\s1\\\\\\\\smy_NAND_1\\\\\\\\s33\\\\\\\\\\\\\\\\s1.5\\\\\\\\\\\\\\\\s0.02\\\\\\\\s0\\\\\\\\\\\\\\\\s0\\\\\\\\\\\\\\\\s40\\\\\\\\\\\\\\\\s5\\\\\\\\\\\\\\\\s0\\\\\\\\\\\\\\\\s0\\\\\\\\\\\\\\\\s0.5\\\\\\\\s33\\\\\\\\\\\\\\\\s1.5\\\\\\\\\\\\\\\\s0.02\\\\\\\\s32\\\\\\\\\\\\\\\\s1.5\\\\\\\\\\\\\\\\s0.02\\\\\\\\s32\\\\\\\\\\\\\\\\s1.5\\\\\\\\\\\\\\\\s0.02\\\\s1\\\\\\\\smy_NAND_1\\\\\\\\s33\\\\\\\\\\\\\\\\s1.5\\\\\\\\\\\\\\\\s0.02\\\\\\\\s0\\\\\\\\\\\\\\\\s0\\\\\\\\\\\\\\\\s40\\\\\\\\\\\\\\\\s5\\\\\\\\\\\\\\\\s0\\\\\\\\\\\\\\\\s0\\\\\\\\\\\\\\\\s0.5\\\\\\\\s33\\\\\\\\\\\\\\\\s1.5\\\\\\\\\\\\\\\\s0.02\\\\\\\\s32\\\\\\\\\\\\\\\\s1.5\\\\\\\\\\\\\\\\s0.02\\\\\\\\s32\\\\\\\\\\\\\\\\s1.5\\\\\\\\\\\\\\\\s0.02\\\\s1\\\\\\\\smy_NAND_1\\\\\\\\s33\\\\\\\\\\\\\\\\s1.5\\\\\\\\\\\\\\\\s0.02\\\\\\\\s0\\\\\\\\\\\\\\\\s0\\\\\\\\\\\\\\\\s40\\\\\\\\\\\\\\\\s5\\\\\\\\\\\\\\\\s0\\\\\\\\\\\\\\\\s0\\\\\\\\\\\\\\\\s0.5\\\\\\\\s33\\\\\\\\\\\\\\\\s1.5\\\\\\\\\\\\\\\\s0.02\\\\\\\\s32\\\\\\\\\\\\\\\\s1.5\\\\\\\\\\\\\\\\s0.02\\\\\\\\s32\\\\\\\\\\\\\\\\s1.5\\\\\\\\\\\\\\\\s0.02\\s0\\\\s2\\\\s0\\\\s5\s0\\s2\\s0\\s5\s1\\s全加器\\s1\\\\s半加器\\\\s1\\\\\\\\smy_NAND_1\\\\\\\\s33\\\\\\\\\\\\\\\\s1.5\\\\\\\\\\\\\\\\s0.02\\\\\\\\s0\\\\\\\\\\\\\\\\s0\\\\\\\\\\\\\\\\s40\\\\\\\\\\\\\\\\s5\\\\\\\\\\\\\\\\s0\\\\\\\\\\\\\\\\s0\\\\\\\\\\\\\\\\s0.5\\\\\\\\s33\\\\\\\\\\\\\\\\s1.5\\\\\\\\\\\\\\\\s0.02\\\\\\\\s32\\\\\\\\\\\\\\\\s1.5\\\\\\\\\\\\\\\\s0.02\\\\\\\\s32\\\\\\\\\\\\\\\\s1.5\\\\\\\\\\\\\\\\s0.02\\\\s1\\\\\\\\smy_NAND_1\\\\\\\\s33\\\\\\\\\\\\\\\\s1.5\\\\\\\\\\\\\\\\s0.02\\\\\\\\s0\\\\\\\\\\\\\\\\s0\\\\\\\\\\\\\\\\s40\\\\\\\\\\\\\\\\s5\\\\\\\\\\\\\\\\s0\\\\\\\\\\\\\\\\s0\\\\\\\\\\\\\\\\s0.5\\\\\\\\s33\\\\\\\\\\\\\\\\s1.5\\\\\\\\\\\\\\\\s0.02\\\\\\\\s32\\\\\\\\\\\\\\\\s1.5\\\\\\\\\\\\\\\\s0.02\\\\\\\\s32\\\\\\\\\\\\\\\\s1.5\\\\\\\\\\\\\\\\s0.02\\\\s1\\\\\\\\smy_NAND_1\\\\\\\\s33\\\\\\\\\\\\\\\\s1.5\\\\\\\\\\\\\\\\s0.02\\\\\\\\s0\\\\\\\\\\\\\\\\s0\\\\\\\\\\\\\\\\s40\\\\\\\\\\\\\\\\s5\\\\\\\\\\\\\\\\s0\\\\\\\\\\\\\\\\s0\\\\\\\\\\\\\\\\s0.5\\\\\\\\s33\\\\\\\\\\\\\\\\s1.5\\\\\\\\\\\\\\\\s0.02\\\\\\\\s32\\\\\\\\\\\\\\\\s1.5\\\\\\\\\\\\\\\\s0.02\\\\\\\\s32\\\\\\\\\\\\\\\\s1.5\\\\\\\\\\\\\\\\s0.02\\\\s1\\\\\\\\smy_NAND_1\\\\\\\\s33\\\\\\\\\\\\\\\\s1.5\\\\\\\\\\\\\\\\s0.02\\\\\\\\s0\\\\\\\\\\\\\\\\s0\\\\\\\\\\\\\\\\s40\\\\\\\\\\\\\\\\s5\\\\\\\\\\\\\\\\s0\\\\\\\\\\\\\\\\s0\\\\\\\\\\\\\\\\s0.5\\\\\\\\s33\\\\\\\\\\\\\\\\s1.5\\\\\\\\\\\\\\\\s0.02\\\\\\\\s32\\\\\\\\\\\\\\\\s1.5\\\\\\\\\\\\\\\\s0.02\\\\\\\\s32\\\\\\\\\\\\\\\\s1.5\\\\\\\\\\\\\\\\s0.02\\\\s1\\\\\\\\smy_NAND_1\\\\\\\\s33\\\\\\\\\\\\\\\\s1.5\\\\\\\\\\\\\\\\s0.02\\\\\\\\s0\\\\\\\\\\\\\\\\s0\\\\\\\\\\\\\\\\s40\\\\\\\\\\\\\\\\s5\\\\\\\\\\\\\\\\s0\\\\\\\\\\\\\\\\s0\\\\\\\\\\\\\\\\s0.5\\\\\\\\s33\\\\\\\\\\\\\\\\s1.5\\\\\\\\\\\\\\\\s0.02\\\\\\\\s32\\\\\\\\\\\\\\\\s1.5\\\\\\\\\\\\\\\\s0.02\\\\\\\\s32\\\\\\\\\\\\\\\\s1.5\\\\\\\\\\\\\\\\s0.02\\\\s1\\\\\\\\smy_NAND_1\\\\\\\\s33\\\\\\\\\\\\\\\\s1.5\\\\\\\\\\\\\\\\s0.02\\\\\\\\s0\\\\\\\\\\\\\\\\s0\\\\\\\\\\\\\\\\s40\\\\\\\\\\\\\\\\s5\\\\\\\\\\\\\\\\s0\\\\\\\\\\\\\\\\s0\\\\\\\\\\\\\\\\s0.5\\\\\\\\s33\\\\\\\\\\\\\\\\s1.5\\\\\\\\\\\\\\\\s0.02\\\\\\\\s32\\\\\\\\\\\\\\\\s1.5\\\\\\\\\\\\\\\\s0.02\\\\\\\\s32\\\\\\\\\\\\\\\\s1.5\\\\\\\\\\\\\\\\s0.02\\\\s1\\\\\\\\smy_NAND_1\\\\\\\\s33\\\\\\\\\\\\\\\\s1.5\\\\\\\\\\\\\\\\s0.02\\\\\\\\s0\\\\\\\\\\\\\\\\s0\\\\\\\\\\\\\\\\s40\\\\\\\\\\\\\\\\s5\\\\\\\\\\\\\\\\s0\\\\\\\\\\\\\\\\s0\\\\\\\\\\\\\\\\s0.5\\\\\\\\s33\\\\\\\\\\\\\\\\s1.5\\\\\\\\\\\\\\\\s0.02\\\\\\\\s32\\\\\\\\\\\\\\\\s1.5\\\\\\\\\\\\\\\\s0.02\\\\\\\\s32\\\\\\\\\\\\\\\\s1.5\\\\\\\\\\\\\\\\s0.02\\s1\\\\s半加器\\\\s1\\\\\\\\smy_NAND_1\\\\\\\\s33\\\\\\\\\\\\\\\\s1.5\\\\\\\\\\\\\\\\s0.02\\\\\\\\s0\\\\\\\\\\\\\\\\s0\\\\\\\\\\\\\\\\s40\\\\\\\\\\\\\\\\s5\\\\\\\\\\\\\\\\s0\\\\\\\\\\\\\\\\s0\\\\\\\\\\\\\\\\s0.5\\\\\\\\s33\\\\\\\\\\\\\\\\s1.5\\\\\\\\\\\\\\\\s0.02\\\\\\\\s32\\\\\\\\\\\\\\\\s1.5\\\\\\\\\\\\\\\\s0.02\\\\\\\\s32\\\\\\\\\\\\\\\\s1.5\\\\\\\\\\\\\\\\s0.02\\\\s1\\\\\\\\smy_NAND_1\\\\\\\\s33\\\\\\\\\\\\\\\\s1.5\\\\\\\\\\\\\\\\s0.02\\\\\\\\s0\\\\\\\\\\\\\\\\s0\\\\\\\\\\\\\\\\s40\\\\\\\\\\\\\\\\s5\\\\\\\\\\\\\\\\s0\\\\\\\\\\\\\\\\s0\\\\\\\\\\\\\\\\s0.5\\\\\\\\s33\\\\\\\\\\\\\\\\s1.5\\\\\\\\\\\\\\\\s0.02\\\\\\\\s32\\\\\\\\\\\\\\\\s1.5\\\\\\\\\\\\\\\\s0.02\\\\\\\\s32\\\\\\\\\\\\\\\\s1.5\\\\\\\\\\\\\\\\s0.02\\\\s1\\\\\\\\smy_NAND_1\\\\\\\\s33\\\\\\\\\\\\\\\\s1.5\\\\\\\\\\\\\\\\s0.02\\\\\\\\s0\\\\\\\\\\\\\\\\s0\\\\\\\\\\\\\\\\s40\\\\\\\\\\\\\\\\s5\\\\\\\\\\\\\\\\s0\\\\\\\\\\\\\\\\s0\\\\\\\\\\\\\\\\s0.5\\\\\\\\s33\\\\\\\\\\\\\\\\s1.5\\\\\\\\\\\\\\\\s0.02\\\\\\\\s32\\\\\\\\\\\\\\\\s1.5\\\\\\\\\\\\\\\\s0.02\\\\\\\\s32\\\\\\\\\\\\\\\\s1.5\\\\\\\\\\\\\\\\s0.02\\\\s1\\\\\\\\smy_NAND_1\\\\\\\\s33\\\\\\\\\\\\\\\\s1.5\\\\\\\\\\\\\\\\s0.02\\\\\\\\s0\\\\\\\\\\\\\\\\s0\\\\\\\\\\\\\\\\s40\\\\\\\\\\\\\\\\s5\\\\\\\\\\\\\\\\s0\\\\\\\\\\\\\\\\s0\\\\\\\\\\\\\\\\s0.5\\\\\\\\s33\\\\\\\\\\\\\\\\s1.5\\\\\\\\\\\\\\\\s0.02\\\\\\\\s32\\\\\\\\\\\\\\\\s1.5\\\\\\\\\\\\\\\\s0.02\\\\\\\\s32\\\\\\\\\\\\\\\\s1.5\\\\\\\\\\\\\\\\s0.02\\\\s1\\\\\\\\smy_NAND_1\\\\\\\\s33\\\\\\\\\\\\\\\\s1.5\\\\\\\\\\\\\\\\s0.02\\\\\\\\s0\\\\\\\\\\\\\\\\s0\\\\\\\\\\\\\\\\s40\\\\\\\\\\\\\\\\s5\\\\\\\\\\\\\\\\s0\\\\\\\\\\\\\\\\s0\\\\\\\\\\\\\\\\s0.5\\\\\\\\s33\\\\\\\\\\\\\\\\s1.5\\\\\\\\\\\\\\\\s0.02\\\\\\\\s32\\\\\\\\\\\\\\\\s1.5\\\\\\\\\\\\\\\\s0.02\\\\\\\\s32\\\\\\\\\\\\\\\\s1.5\\\\\\\\\\\\\\\\s0.02\\\\s1\\\\\\\\smy_NAND_1\\\\\\\\s33\\\\\\\\\\\\\\\\s1.5\\\\\\\\\\\\\\\\s0.02\\\\\\\\s0\\\\\\\\\\\\\\\\s0\\\\\\\\\\\\\\\\s40\\\\\\\\\\\\\\\\s5\\\\\\\\\\\\\\\\s0\\\\\\\\\\\\\\\\s0\\\\\\\\\\\\\\\\s0.5\\\\\\\\s33\\\\\\\\\\\\\\\\s1.5\\\\\\\\\\\\\\\\s0.02\\\\\\\\s32\\\\\\\\\\\\\\\\s1.5\\\\\\\\\\\\\\\\s0.02\\\\\\\\s32\\\\\\\\\\\\\\\\s1.5\\\\\\\\\\\\\\\\s0.02\\\\s1\\\\\\\\smy_NAND_1\\\\\\\\s33\\\\\\\\\\\\\\\\s1.5\\\\\\\\\\\\\\\\s0.02\\\\\\\\s0\\\\\\\\\\\\\\\\s0\\\\\\\\\\\\\\\\s40\\\\\\\\\\\\\\\\s5\\\\\\\\\\\\\\\\s0\\\\\\\\\\\\\\\\s0\\\\\\\\\\\\\\\\s0.5\\\\\\\\s33\\\\\\\\\\\\\\\\s1.5\\\\\\\\\\\\\\\\s0.02\\\\\\\\s32\\\\\\\\\\\\\\\\s1.5\\\\\\\\\\\\\\\\s0.02\\\\\\\\s32\\\\\\\\\\\\\\\\s1.5\\\\\\\\\\\\\\\\s0.02\\s0\\\\s2\\\\s0\\\\s5\s0\\s2\\s0\\s5\s1\\s全加器\\s1\\\\s半加器\\\\s1\\\\\\\\smy_NAND_1\\\\\\\\s33\\\\\\\\\\\\\\\\s1.5\\\\\\\\\\\\\\\\s0.02\\\\\\\\s0\\\\\\\\\\\\\\\\s0\\\\\\\\\\\\\\\\s40\\\\\\\\\\\\\\\\s5\\\\\\\\\\\\\\\\s0\\\\\\\\\\\\\\\\s0\\\\\\\\\\\\\\\\s0.5\\\\\\\\s33\\\\\\\\\\\\\\\\s1.5\\\\\\\\\\\\\\\\s0.02\\\\\\\\s32\\\\\\\\\\\\\\\\s1.5\\\\\\\\\\\\\\\\s0.02\\\\\\\\s32\\\\\\\\\\\\\\\\s1.5\\\\\\\\\\\\\\\\s0.02\\\\s1\\\\\\\\smy_NAND_1\\\\\\\\s33\\\\\\\\\\\\\\\\s1.5\\\\\\\\\\\\\\\\s0.02\\\\\\\\s0\\\\\\\\\\\\\\\\s0\\\\\\\\\\\\\\\\s40\\\\\\\\\\\\\\\\s5\\\\\\\\\\\\\\\\s0\\\\\\\\\\\\\\\\s0\\\\\\\\\\\\\\\\s0.5\\\\\\\\s33\\\\\\\\\\\\\\\\s1.5\\\\\\\\\\\\\\\\s0.02\\\\\\\\s32\\\\\\\\\\\\\\\\s1.5\\\\\\\\\\\\\\\\s0.02\\\\\\\\s32\\\\\\\\\\\\\\\\s1.5\\\\\\\\\\\\\\\\s0.02\\\\s1\\\\\\\\smy_NAND_1\\\\\\\\s33\\\\\\\\\\\\\\\\s1.5\\\\\\\\\\\\\\\\s0.02\\\\\\\\s0\\\\\\\\\\\\\\\\s0\\\\\\\\\\\\\\\\s40\\\\\\\\\\\\\\\\s5\\\\\\\\\\\\\\\\s0\\\\\\\\\\\\\\\\s0\\\\\\\\\\\\\\\\s0.5\\\\\\\\s33\\\\\\\\\\\\\\\\s1.5\\\\\\\\\\\\\\\\s0.02\\\\\\\\s32\\\\\\\\\\\\\\\\s1.5\\\\\\\\\\\\\\\\s0.02\\\\\\\\s32\\\\\\\\\\\\\\\\s1.5\\\\\\\\\\\\\\\\s0.02\\\\s1\\\\\\\\smy_NAND_1\\\\\\\\s33\\\\\\\\\\\\\\\\s1.5\\\\\\\\\\\\\\\\s0.02\\\\\\\\s0\\\\\\\\\\\\\\\\s0\\\\\\\\\\\\\\\\s40\\\\\\\\\\\\\\\\s5\\\\\\\\\\\\\\\\s0\\\\\\\\\\\\\\\\s0\\\\\\\\\\\\\\\\s0.5\\\\\\\\s33\\\\\\\\\\\\\\\\s1.5\\\\\\\\\\\\\\\\s0.02\\\\\\\\s32\\\\\\\\\\\\\\\\s1.5\\\\\\\\\\\\\\\\s0.02\\\\\\\\s32\\\\\\\\\\\\\\\\s1.5\\\\\\\\\\\\\\\\s0.02\\\\s1\\\\\\\\smy_NAND_1\\\\\\\\s33\\\\\\\\\\\\\\\\s1.5\\\\\\\\\\\\\\\\s0.02\\\\\\\\s0\\\\\\\\\\\\\\\\s0\\\\\\\\\\\\\\\\s40\\\\\\\\\\\\\\\\s5\\\\\\\\\\\\\\\\s0\\\\\\\\\\\\\\\\s0\\\\\\\\\\\\\\\\s0.5\\\\\\\\s33\\\\\\\\\\\\\\\\s1.5\\\\\\\\\\\\\\\\s0.02\\\\\\\\s32\\\\\\\\\\\\\\\\s1.5\\\\\\\\\\\\\\\\s0.02\\\\\\\\s32\\\\\\\\\\\\\\\\s1.5\\\\\\\\\\\\\\\\s0.02\\\\s1\\\\\\\\smy_NAND_1\\\\\\\\s33\\\\\\\\\\\\\\\\s1.5\\\\\\\\\\\\\\\\s0.02\\\\\\\\s0\\\\\\\\\\\\\\\\s0\\\\\\\\\\\\\\\\s40\\\\\\\\\\\\\\\\s5\\\\\\\\\\\\\\\\s0\\\\\\\\\\\\\\\\s0\\\\\\\\\\\\\\\\s0.5\\\\\\\\s33\\\\\\\\\\\\\\\\s1.5\\\\\\\\\\\\\\\\s0.02\\\\\\\\s32\\\\\\\\\\\\\\\\s1.5\\\\\\\\\\\\\\\\s0.02\\\\\\\\s32\\\\\\\\\\\\\\\\s1.5\\\\\\\\\\\\\\\\s0.02\\\\s1\\\\\\\\smy_NAND_1\\\\\\\\s33\\\\\\\\\\\\\\\\s1.5\\\\\\\\\\\\\\\\s0.02\\\\\\\\s0\\\\\\\\\\\\\\\\s0\\\\\\\\\\\\\\\\s40\\\\\\\\\\\\\\\\s5\\\\\\\\\\\\\\\\s0\\\\\\\\\\\\\\\\s0\\\\\\\\\\\\\\\\s0.5\\\\\\\\s33\\\\\\\\\\\\\\\\s1.5\\\\\\\\\\\\\\\\s0.02\\\\\\\\s32\\\\\\\\\\\\\\\\s1.5\\\\\\\\\\\\\\\\s0.02\\\\\\\\s32\\\\\\\\\\\\\\\\s1.5\\\\\\\\\\\\\\\\s0.02\\s1\\\\s半加器\\\\s1\\\\\\\\smy_NAND_1\\\\\\\\s33\\\\\\\\\\\\\\\\s1.5\\\\\\\\\\\\\\\\s0.02\\\\\\\\s0\\\\\\\\\\\\\\\\s0\\\\\\\\\\\\\\\\s40\\\\\\\\\\\\\\\\s5\\\\\\\\\\\\\\\\s0\\\\\\\\\\\\\\\\s0\\\\\\\\\\\\\\\\s0.5\\\\\\\\s33\\\\\\\\\\\\\\\\s1.5\\\\\\\\\\\\\\\\s0.02\\\\\\\\s32\\\\\\\\\\\\\\\\s1.5\\\\\\\\\\\\\\\\s0.02\\\\\\\\s32\\\\\\\\\\\\\\\\s1.5\\\\\\\\\\\\\\\\s0.02\\\\s1\\\\\\\\smy_NAND_1\\\\\\\\s33\\\\\\\\\\\\\\\\s1.5\\\\\\\\\\\\\\\\s0.02\\\\\\\\s0\\\\\\\\\\\\\\\\s0\\\\\\\\\\\\\\\\s40\\\\\\\\\\\\\\\\s5\\\\\\\\\\\\\\\\s0\\\\\\\\\\\\\\\\s0\\\\\\\\\\\\\\\\s0.5\\\\\\\\s33\\\\\\\\\\\\\\\\s1.5\\\\\\\\\\\\\\\\s0.02\\\\\\\\s32\\\\\\\\\\\\\\\\s1.5\\\\\\\\\\\\\\\\s0.02\\\\\\\\s32\\\\\\\\\\\\\\\\s1.5\\\\\\\\\\\\\\\\s0.02\\\\s1\\\\\\\\smy_NAND_1\\\\\\\\s33\\\\\\\\\\\\\\\\s1.5\\\\\\\\\\\\\\\\s0.02\\\\\\\\s0\\\\\\\\\\\\\\\\s0\\\\\\\\\\\\\\\\s40\\\\\\\\\\\\\\\\s5\\\\\\\\\\\\\\\\s0\\\\\\\\\\\\\\\\s0\\\\\\\\\\\\\\\\s0.5\\\\\\\\s33\\\\\\\\\\\\\\\\s1.5\\\\\\\\\\\\\\\\s0.02\\\\\\\\s32\\\\\\\\\\\\\\\\s1.5\\\\\\\\\\\\\\\\s0.02\\\\\\\\s32\\\\\\\\\\\\\\\\s1.5\\\\\\\\\\\\\\\\s0.02\\\\s1\\\\\\\\smy_NAND_1\\\\\\\\s33\\\\\\\\\\\\\\\\s1.5\\\\\\\\\\\\\\\\s0.02\\\\\\\\s0\\\\\\\\\\\\\\\\s0\\\\\\\\\\\\\\\\s40\\\\\\\\\\\\\\\\s5\\\\\\\\\\\\\\\\s0\\\\\\\\\\\\\\\\s0\\\\\\\\\\\\\\\\s0.5\\\\\\\\s33\\\\\\\\\\\\\\\\s1.5\\\\\\\\\\\\\\\\s0.02\\\\\\\\s32\\\\\\\\\\\\\\\\s1.5\\\\\\\\\\\\\\\\s0.02\\\\\\\\s32\\\\\\\\\\\\\\\\s1.5\\\\\\\\\\\\\\\\s0.02\\\\s1\\\\\\\\smy_NAND_1\\\\\\\\s33\\\\\\\\\\\\\\\\s1.5\\\\\\\\\\\\\\\\s0.02\\\\\\\\s0\\\\\\\\\\\\\\\\s0\\\\\\\\\\\\\\\\s40\\\\\\\\\\\\\\\\s5\\\\\\\\\\\\\\\\s0\\\\\\\\\\\\\\\\s0\\\\\\\\\\\\\\\\s0.5\\\\\\\\s33\\\\\\\\\\\\\\\\s1.5\\\\\\\\\\\\\\\\s0.02\\\\\\\\s32\\\\\\\\\\\\\\\\s1.5\\\\\\\\\\\\\\\\s0.02\\\\\\\\s32\\\\\\\\\\\\\\\\s1.5\\\\\\\\\\\\\\\\s0.02\\\\s1\\\\\\\\smy_NAND_1\\\\\\\\s33\\\\\\\\\\\\\\\\s1.5\\\\\\\\\\\\\\\\s0.02\\\\\\\\s0\\\\\\\\\\\\\\\\s0\\\\\\\\\\\\\\\\s40\\\\\\\\\\\\\\\\s5\\\\\\\\\\\\\\\\s0\\\\\\\\\\\\\\\\s0\\\\\\\\\\\\\\\\s0.5\\\\\\\\s33\\\\\\\\\\\\\\\\s1.5\\\\\\\\\\\\\\\\s0.02\\\\\\\\s32\\\\\\\\\\\\\\\\s1.5\\\\\\\\\\\\\\\\s0.02\\\\\\\\s32\\\\\\\\\\\\\\\\s1.5\\\\\\\\\\\\\\\\s0.02\\\\s1\\\\\\\\smy_NAND_1\\\\\\\\s33\\\\\\\\\\\\\\\\s1.5\\\\\\\\\\\\\\\\s0.02\\\\\\\\s0\\\\\\\\\\\\\\\\s0\\\\\\\\\\\\\\\\s40\\\\\\\\\\\\\\\\s5\\\\\\\\\\\\\\\\s0\\\\\\\\\\\\\\\\s0\\\\\\\\\\\\\\\\s0.5\\\\\\\\s33\\\\\\\\\\\\\\\\s1.5\\\\\\\\\\\\\\\\s0.02\\\\\\\\s32\\\\\\\\\\\\\\\\s1.5\\\\\\\\\\\\\\\\s0.02\\\\\\\\s32\\\\\\\\\\\\\\\\s1.5\\\\\\\\\\\\\\\\s0.02\\s0\\\\s2\\\\s0\\\\s5\s0\\s2\\s0\\s5\s1\\s半加器\\s1\\\\smy_NAND_1\\\\s33\\\\\\\\s1.5\\\\\\\\s0.02\\\\s0\\\\\\\\s0\\\\\\\\s40\\\\\\\\s5\\\\\\\\s0\\\\\\\\s0\\\\\\\\s0.5\\\\s33\\\\\\\\s1.5\\\\\\\\s0.02\\\\s32\\\\\\\\s1.5\\\\\\\\s0.02\\\\s32\\\\\\\\s1.5\\\\\\\\s0.02\\s1\\\\smy_NAND_1\\\\s33\\\\\\\\s1.5\\\\\\\\s0.02\\\\s0\\\\\\\\s0\\\\\\\\s40\\\\\\\\s5\\\\\\\\s0\\\\\\\\s0\\\\\\\\s0.5\\\\s33\\\\\\\\s1.5\\\\\\\\s0.02\\\\s32\\\\\\\\s1.5\\\\\\\\s0.02\\\\s32\\\\\\\\s1.5\\\\\\\\s0.02\\s1\\\\smy_NAND_1\\\\s33\\\\\\\\s1.5\\\\\\\\s0.02\\\\s0\\\\\\\\s0\\\\\\\\s40\\\\\\\\s5\\\\\\\\s0\\\\\\\\s0\\\\\\\\s0.5\\\\s33\\\\\\\\s1.5\\\\\\\\s0.02\\\\s32\\\\\\\\s1.5\\\\\\\\s0.02\\\\s32\\\\\\\\s1.5\\\\\\\\s0.02\\s1\\\\smy_NAND_1\\\\s33\\\\\\\\s1.5\\\\\\\\s0.02\\\\s0\\\\\\\\s0\\\\\\\\s40\\\\\\\\s5\\\\\\\\s0\\\\\\\\s0\\\\\\\\s0.5\\\\s33\\\\\\\\s1.5\\\\\\\\s0.02\\\\s32\\\\\\\\s1.5\\\\\\\\s0.02\\\\s32\\\\\\\\s1.5\\\\\\\\s0.02\\s1\\\\smy_NAND_1\\\\s33\\\\\\\\s1.5\\\\\\\\s0.02\\\\s0\\\\\\\\s0\\\\\\\\s40\\\\\\\\s5\\\\\\\\s0\\\\\\\\s0\\\\\\\\s0.5\\\\s33\\\\\\\\s1.5\\\\\\\\s0.02\\\\s32\\\\\\\\s1.5\\\\\\\\s0.02\\\\s32\\\\\\\\s1.5\\\\\\\\s0.02\\s1\\\\smy_NAND_1\\\\s33\\\\\\\\s1.5\\\\\\\\s0.02\\\\s0\\\\\\\\s0\\\\\\\\s40\\\\\\\\s5\\\\\\\\s0\\\\\\\\s0\\\\\\\\s0.5\\\\s33\\\\\\\\s1.5\\\\\\\\s0.02\\\\s32\\\\\\\\s1.5\\\\\\\\s0.02\\\\s32\\\\\\\\s1.5\\\\\\\\s0.02\\s1\\\\smy_NAND_1\\\\s33\\\\\\\\s1.5\\\\\\\\s0.02\\\\s0\\\\\\\\s0\\\\\\\\s40\\\\\\\\s5\\\\\\\\s0\\\\\\\\s0\\\\\\\\s0.5\\\\s33\\\\\\\\s1.5\\\\\\\\s0.02\\\\s32\\\\\\\\s1.5\\\\\\\\s0.02\\\\s32\\\\\\\\s1.5\\\\\\\\s0.02\s0\\s2\\s0\\s5\s1\\s全加器\\s1\\\\s半加器\\\\s1\\\\\\\\smy_NAND_1\\\\\\\\s33\\\\\\\\\\\\\\\\s1.5\\\\\\\\\\\\\\\\s0.02\\\\\\\\s0\\\\\\\\\\\\\\\\s0\\\\\\\\\\\\\\\\s40\\\\\\\\\\\\\\\\s5\\\\\\\\\\\\\\\\s0\\\\\\\\\\\\\\\\s0\\\\\\\\\\\\\\\\s0.5\\\\\\\\s33\\\\\\\\\\\\\\\\s1.5\\\\\\\\\\\\\\\\s0.02\\\\\\\\s32\\\\\\\\\\\\\\\\s1.5\\\\\\\\\\\\\\\\s0.02\\\\\\\\s32\\\\\\\\\\\\\\\\s1.5\\\\\\\\\\\\\\\\s0.02\\\\s1\\\\\\\\smy_NAND_1\\\\\\\\s33\\\\\\\\\\\\\\\\s1.5\\\\\\\\\\\\\\\\s0.02\\\\\\\\s0\\\\\\\\\\\\\\\\s0\\\\\\\\\\\\\\\\s40\\\\\\\\\\\\\\\\s5\\\\\\\\\\\\\\\\s0\\\\\\\\\\\\\\\\s0\\\\\\\\\\\\\\\\s0.5\\\\\\\\s33\\\\\\\\\\\\\\\\s1.5\\\\\\\\\\\\\\\\s0.02\\\\\\\\s32\\\\\\\\\\\\\\\\s1.5\\\\\\\\\\\\\\\\s0.02\\\\\\\\s32\\\\\\\\\\\\\\\\s1.5\\\\\\\\\\\\\\\\s0.02\\\\s1\\\\\\\\smy_NAND_1\\\\\\\\s33\\\\\\\\\\\\\\\\s1.5\\\\\\\\\\\\\\\\s0.02\\\\\\\\s0\\\\\\\\\\\\\\\\s0\\\\\\\\\\\\\\\\s40\\\\\\\\\\\\\\\\s5\\\\\\\\\\\\\\\\s0\\\\\\\\\\\\\\\\s0\\\\\\\\\\\\\\\\s0.5\\\\\\\\s33\\\\\\\\\\\\\\\\s1.5\\\\\\\\\\\\\\\\s0.02\\\\\\\\s32\\\\\\\\\\\\\\\\s1.5\\\\\\\\\\\\\\\\s0.02\\\\\\\\s32\\\\\\\\\\\\\\\\s1.5\\\\\\\\\\\\\\\\s0.02\\\\s1\\\\\\\\smy_NAND_1\\\\\\\\s33\\\\\\\\\\\\\\\\s1.5\\\\\\\\\\\\\\\\s0.02\\\\\\\\s0\\\\\\\\\\\\\\\\s0\\\\\\\\\\\\\\\\s40\\\\\\\\\\\\\\\\s5\\\\\\\\\\\\\\\\s0\\\\\\\\\\\\\\\\s0\\\\\\\\\\\\\\\\s0.5\\\\\\\\s33\\\\\\\\\\\\\\\\s1.5\\\\\\\\\\\\\\\\s0.02\\\\\\\\s32\\\\\\\\\\\\\\\\s1.5\\\\\\\\\\\\\\\\s0.02\\\\\\\\s32\\\\\\\\\\\\\\\\s1.5\\\\\\\\\\\\\\\\s0.02\\\\s1\\\\\\\\smy_NAND_1\\\\\\\\s33\\\\\\\\\\\\\\\\s1.5\\\\\\\\\\\\\\\\s0.02\\\\\\\\s0\\\\\\\\\\\\\\\\s0\\\\\\\\\\\\\\\\s40\\\\\\\\\\\\\\\\s5\\\\\\\\\\\\\\\\s0\\\\\\\\\\\\\\\\s0\\\\\\\\\\\\\\\\s0.5\\\\\\\\s33\\\\\\\\\\\\\\\\s1.5\\\\\\\\\\\\\\\\s0.02\\\\\\\\s32\\\\\\\\\\\\\\\\s1.5\\\\\\\\\\\\\\\\s0.02\\\\\\\\s32\\\\\\\\\\\\\\\\s1.5\\\\\\\\\\\\\\\\s0.02\\\\s1\\\\\\\\smy_NAND_1\\\\\\\\s33\\\\\\\\\\\\\\\\s1.5\\\\\\\\\\\\\\\\s0.02\\\\\\\\s0\\\\\\\\\\\\\\\\s0\\\\\\\\\\\\\\\\s40\\\\\\\\\\\\\\\\s5\\\\\\\\\\\\\\\\s0\\\\\\\\\\\\\\\\s0\\\\\\\\\\\\\\\\s0.5\\\\\\\\s33\\\\\\\\\\\\\\\\s1.5\\\\\\\\\\\\\\\\s0.02\\\\\\\\s32\\\\\\\\\\\\\\\\s1.5\\\\\\\\\\\\\\\\s0.02\\\\\\\\s32\\\\\\\\\\\\\\\\s1.5\\\\\\\\\\\\\\\\s0.02\\\\s1\\\\\\\\smy_NAND_1\\\\\\\\s33\\\\\\\\\\\\\\\\s1.5\\\\\\\\\\\\\\\\s0.02\\\\\\\\s0\\\\\\\\\\\\\\\\s0\\\\\\\\\\\\\\\\s40\\\\\\\\\\\\\\\\s5\\\\\\\\\\\\\\\\s0\\\\\\\\\\\\\\\\s0\\\\\\\\\\\\\\\\s0.5\\\\\\\\s33\\\\\\\\\\\\\\\\s1.5\\\\\\\\\\\\\\\\s0.02\\\\\\\\s32\\\\\\\\\\\\\\\\s1.5\\\\\\\\\\\\\\\\s0.02\\\\\\\\s32\\\\\\\\\\\\\\\\s1.5\\\\\\\\\\\\\\\\s0.02\\s1\\\\s半加器\\\\s1\\\\\\\\smy_NAND_1\\\\\\\\s33\\\\\\\\\\\\\\\\s1.5\\\\\\\\\\\\\\\\s0.02\\\\\\\\s0\\\\\\\\\\\\\\\\s0\\\\\\\\\\\\\\\\s40\\\\\\\\\\\\\\\\s5\\\\\\\\\\\\\\\\s0\\\\\\\\\\\\\\\\s0\\\\\\\\\\\\\\\\s0.5\\\\\\\\s33\\\\\\\\\\\\\\\\s1.5\\\\\\\\\\\\\\\\s0.02\\\\\\\\s32\\\\\\\\\\\\\\\\s1.5\\\\\\\\\\\\\\\\s0.02\\\\\\\\s32\\\\\\\\\\\\\\\\s1.5\\\\\\\\\\\\\\\\s0.02\\\\s1\\\\\\\\smy_NAND_1\\\\\\\\s33\\\\\\\\\\\\\\\\s1.5\\\\\\\\\\\\\\\\s0.02\\\\\\\\s0\\\\\\\\\\\\\\\\s0\\\\\\\\\\\\\\\\s40\\\\\\\\\\\\\\\\s5\\\\\\\\\\\\\\\\s0\\\\\\\\\\\\\\\\s0\\\\\\\\\\\\\\\\s0.5\\\\\\\\s33\\\\\\\\\\\\\\\\s1.5\\\\\\\\\\\\\\\\s0.02\\\\\\\\s32\\\\\\\\\\\\\\\\s1.5\\\\\\\\\\\\\\\\s0.02\\\\\\\\s32\\\\\\\\\\\\\\\\s1.5\\\\\\\\\\\\\\\\s0.02\\\\s1\\\\\\\\smy_NAND_1\\\\\\\\s33\\\\\\\\\\\\\\\\s1.5\\\\\\\\\\\\\\\\s0.02\\\\\\\\s0\\\\\\\\\\\\\\\\s0\\\\\\\\\\\\\\\\s40\\\\\\\\\\\\\\\\s5\\\\\\\\\\\\\\\\s0\\\\\\\\\\\\\\\\s0\\\\\\\\\\\\\\\\s0.5\\\\\\\\s33\\\\\\\\\\\\\\\\s1.5\\\\\\\\\\\\\\\\s0.02\\\\\\\\s32\\\\\\\\\\\\\\\\s1.5\\\\\\\\\\\\\\\\s0.02\\\\\\\\s32\\\\\\\\\\\\\\\\s1.5\\\\\\\\\\\\\\\\s0.02\\\\s1\\\\\\\\smy_NAND_1\\\\\\\\s33\\\\\\\\\\\\\\\\s1.5\\\\\\\\\\\\\\\\s0.02\\\\\\\\s0\\\\\\\\\\\\\\\\s0\\\\\\\\\\\\\\\\s40\\\\\\\\\\\\\\\\s5\\\\\\\\\\\\\\\\s0\\\\\\\\\\\\\\\\s0\\\\\\\\\\\\\\\\s0.5\\\\\\\\s33\\\\\\\\\\\\\\\\s1.5\\\\\\\\\\\\\\\\s0.02\\\\\\\\s32\\\\\\\\\\\\\\\\s1.5\\\\\\\\\\\\\\\\s0.02\\\\\\\\s32\\\\\\\\\\\\\\\\s1.5\\\\\\\\\\\\\\\\s0.02\\\\s1\\\\\\\\smy_NAND_1\\\\\\\\s33\\\\\\\\\\\\\\\\s1.5\\\\\\\\\\\\\\\\s0.02\\\\\\\\s0\\\\\\\\\\\\\\\\s0\\\\\\\\\\\\\\\\s40\\\\\\\\\\\\\\\\s5\\\\\\\\\\\\\\\\s0\\\\\\\\\\\\\\\\s0\\\\\\\\\\\\\\\\s0.5\\\\\\\\s33\\\\\\\\\\\\\\\\s1.5\\\\\\\\\\\\\\\\s0.02\\\\\\\\s32\\\\\\\\\\\\\\\\s1.5\\\\\\\\\\\\\\\\s0.02\\\\\\\\s32\\\\\\\\\\\\\\\\s1.5\\\\\\\\\\\\\\\\s0.02\\\\s1\\\\\\\\smy_NAND_1\\\\\\\\s33\\\\\\\\\\\\\\\\s1.5\\\\\\\\\\\\\\\\s0.02\\\\\\\\s0\\\\\\\\\\\\\\\\s0\\\\\\\\\\\\\\\\s40\\\\\\\\\\\\\\\\s5\\\\\\\\\\\\\\\\s0\\\\\\\\\\\\\\\\s0\\\\\\\\\\\\\\\\s0.5\\\\\\\\s33\\\\\\\\\\\\\\\\s1.5\\\\\\\\\\\\\\\\s0.02\\\\\\\\s32\\\\\\\\\\\\\\\\s1.5\\\\\\\\\\\\\\\\s0.02\\\\\\\\s32\\\\\\\\\\\\\\\\s1.5\\\\\\\\\\\\\\\\s0.02\\\\s1\\\\\\\\smy_NAND_1\\\\\\\\s33\\\\\\\\\\\\\\\\s1.5\\\\\\\\\\\\\\\\s0.02\\\\\\\\s0\\\\\\\\\\\\\\\\s0\\\\\\\\\\\\\\\\s40\\\\\\\\\\\\\\\\s5\\\\\\\\\\\\\\\\s0\\\\\\\\\\\\\\\\s0\\\\\\\\\\\\\\\\s0.5\\\\\\\\s33\\\\\\\\\\\\\\\\s1.5\\\\\\\\\\\\\\\\s0.02\\\\\\\\s32\\\\\\\\\\\\\\\\s1.5\\\\\\\\\\\\\\\\s0.02\\\\\\\\s32\\\\\\\\\\\\\\\\s1.5\\\\\\\\\\\\\\\\s0.02\\s0\\\\s2\\\\s0\\\\s5\s0\\s2\\s0\\s5\s1\\s全加器\\s1\\\\s半加器\\\\s1\\\\\\\\smy_NAND_1\\\\\\\\s33\\\\\\\\\\\\\\\\s1.5\\\\\\\\\\\\\\\\s0.02\\\\\\\\s0\\\\\\\\\\\\\\\\s0\\\\\\\\\\\\\\\\s40\\\\\\\\\\\\\\\\s5\\\\\\\\\\\\\\\\s0\\\\\\\\\\\\\\\\s0\\\\\\\\\\\\\\\\s0.5\\\\\\\\s33\\\\\\\\\\\\\\\\s1.5\\\\\\\\\\\\\\\\s0.02\\\\\\\\s32\\\\\\\\\\\\\\\\s1.5\\\\\\\\\\\\\\\\s0.02\\\\\\\\s32\\\\\\\\\\\\\\\\s1.5\\\\\\\\\\\\\\\\s0.02\\\\s1\\\\\\\\smy_NAND_1\\\\\\\\s33\\\\\\\\\\\\\\\\s1.5\\\\\\\\\\\\\\\\s0.02\\\\\\\\s0\\\\\\\\\\\\\\\\s0\\\\\\\\\\\\\\\\s40\\\\\\\\\\\\\\\\s5\\\\\\\\\\\\\\\\s0\\\\\\\\\\\\\\\\s0\\\\\\\\\\\\\\\\s0.5\\\\\\\\s33\\\\\\\\\\\\\\\\s1.5\\\\\\\\\\\\\\\\s0.02\\\\\\\\s32\\\\\\\\\\\\\\\\s1.5\\\\\\\\\\\\\\\\s0.02\\\\\\\\s32\\\\\\\\\\\\\\\\s1.5\\\\\\\\\\\\\\\\s0.02\\\\s1\\\\\\\\smy_NAND_1\\\\\\\\s33\\\\\\\\\\\\\\\\s1.5\\\\\\\\\\\\\\\\s0.02\\\\\\\\s0\\\\\\\\\\\\\\\\s0\\\\\\\\\\\\\\\\s40\\\\\\\\\\\\\\\\s5\\\\\\\\\\\\\\\\s0\\\\\\\\\\\\\\\\s0\\\\\\\\\\\\\\\\s0.5\\\\\\\\s33\\\\\\\\\\\\\\\\s1.5\\\\\\\\\\\\\\\\s0.02\\\\\\\\s32\\\\\\\\\\\\\\\\s1.5\\\\\\\\\\\\\\\\s0.02\\\\\\\\s32\\\\\\\\\\\\\\\\s1.5\\\\\\\\\\\\\\\\s0.02\\\\s1\\\\\\\\smy_NAND_1\\\\\\\\s33\\\\\\\\\\\\\\\\s1.5\\\\\\\\\\\\\\\\s0.02\\\\\\\\s0\\\\\\\\\\\\\\\\s0\\\\\\\\\\\\\\\\s40\\\\\\\\\\\\\\\\s5\\\\\\\\\\\\\\\\s0\\\\\\\\\\\\\\\\s0\\\\\\\\\\\\\\\\s0.5\\\\\\\\s33\\\\\\\\\\\\\\\\s1.5\\\\\\\\\\\\\\\\s0.02\\\\\\\\s32\\\\\\\\\\\\\\\\s1.5\\\\\\\\\\\\\\\\s0.02\\\\\\\\s32\\\\\\\\\\\\\\\\s1.5\\\\\\\\\\\\\\\\s0.02\\\\s1\\\\\\\\smy_NAND_1\\\\\\\\s33\\\\\\\\\\\\\\\\s1.5\\\\\\\\\\\\\\\\s0.02\\\\\\\\s0\\\\\\\\\\\\\\\\s0\\\\\\\\\\\\\\\\s40\\\\\\\\\\\\\\\\s5\\\\\\\\\\\\\\\\s0\\\\\\\\\\\\\\\\s0\\\\\\\\\\\\\\\\s0.5\\\\\\\\s33\\\\\\\\\\\\\\\\s1.5\\\\\\\\\\\\\\\\s0.02\\\\\\\\s32\\\\\\\\\\\\\\\\s1.5\\\\\\\\\\\\\\\\s0.02\\\\\\\\s32\\\\\\\\\\\\\\\\s1.5\\\\\\\\\\\\\\\\s0.02\\\\s1\\\\\\\\smy_NAND_1\\\\\\\\s33\\\\\\\\\\\\\\\\s1.5\\\\\\\\\\\\\\\\s0.02\\\\\\\\s0\\\\\\\\\\\\\\\\s0\\\\\\\\\\\\\\\\s40\\\\\\\\\\\\\\\\s5\\\\\\\\\\\\\\\\s0\\\\\\\\\\\\\\\\s0\\\\\\\\\\\\\\\\s0.5\\\\\\\\s33\\\\\\\\\\\\\\\\s1.5\\\\\\\\\\\\\\\\s0.02\\\\\\\\s32\\\\\\\\\\\\\\\\s1.5\\\\\\\\\\\\\\\\s0.02\\\\\\\\s32\\\\\\\\\\\\\\\\s1.5\\\\\\\\\\\\\\\\s0.02\\\\s1\\\\\\\\smy_NAND_1\\\\\\\\s33\\\\\\\\\\\\\\\\s1.5\\\\\\\\\\\\\\\\s0.02\\\\\\\\s0\\\\\\\\\\\\\\\\s0\\\\\\\\\\\\\\\\s40\\\\\\\\\\\\\\\\s5\\\\\\\\\\\\\\\\s0\\\\\\\\\\\\\\\\s0\\\\\\\\\\\\\\\\s0.5\\\\\\\\s33\\\\\\\\\\\\\\\\s1.5\\\\\\\\\\\\\\\\s0.02\\\\\\\\s32\\\\\\\\\\\\\\\\s1.5\\\\\\\\\\\\\\\\s0.02\\\\\\\\s32\\\\\\\\\\\\\\\\s1.5\\\\\\\\\\\\\\\\s0.02\\s1\\\\s半加器\\\\s1\\\\\\\\smy_NAND_1\\\\\\\\s33\\\\\\\\\\\\\\\\s1.5\\\\\\\\\\\\\\\\s0.02\\\\\\\\s0\\\\\\\\\\\\\\\\s0\\\\\\\\\\\\\\\\s40\\\\\\\\\\\\\\\\s5\\\\\\\\\\\\\\\\s0\\\\\\\\\\\\\\\\s0\\\\\\\\\\\\\\\\s0.5\\\\\\\\s33\\\\\\\\\\\\\\\\s1.5\\\\\\\\\\\\\\\\s0.02\\\\\\\\s32\\\\\\\\\\\\\\\\s1.5\\\\\\\\\\\\\\\\s0.02\\\\\\\\s32\\\\\\\\\\\\\\\\s1.5\\\\\\\\\\\\\\\\s0.02\\\\s1\\\\\\\\smy_NAND_1\\\\\\\\s33\\\\\\\\\\\\\\\\s1.5\\\\\\\\\\\\\\\\s0.02\\\\\\\\s0\\\\\\\\\\\\\\\\s0\\\\\\\\\\\\\\\\s40\\\\\\\\\\\\\\\\s5\\\\\\\\\\\\\\\\s0\\\\\\\\\\\\\\\\s0\\\\\\\\\\\\\\\\s0.5\\\\\\\\s33\\\\\\\\\\\\\\\\s1.5\\\\\\\\\\\\\\\\s0.02\\\\\\\\s32\\\\\\\\\\\\\\\\s1.5\\\\\\\\\\\\\\\\s0.02\\\\\\\\s32\\\\\\\\\\\\\\\\s1.5\\\\\\\\\\\\\\\\s0.02\\\\s1\\\\\\\\smy_NAND_1\\\\\\\\s33\\\\\\\\\\\\\\\\s1.5\\\\\\\\\\\\\\\\s0.02\\\\\\\\s0\\\\\\\\\\\\\\\\s0\\\\\\\\\\\\\\\\s40\\\\\\\\\\\\\\\\s5\\\\\\\\\\\\\\\\s0\\\\\\\\\\\\\\\\s0\\\\\\\\\\\\\\\\s0.5\\\\\\\\s33\\\\\\\\\\\\\\\\s1.5\\\\\\\\\\\\\\\\s0.02\\\\\\\\s32\\\\\\\\\\\\\\\\s1.5\\\\\\\\\\\\\\\\s0.02\\\\\\\\s32\\\\\\\\\\\\\\\\s1.5\\\\\\\\\\\\\\\\s0.02\\\\s1\\\\\\\\smy_NAND_1\\\\\\\\s33\\\\\\\\\\\\\\\\s1.5\\\\\\\\\\\\\\\\s0.02\\\\\\\\s0\\\\\\\\\\\\\\\\s0\\\\\\\\\\\\\\\\s40\\\\\\\\\\\\\\\\s5\\\\\\\\\\\\\\\\s0\\\\\\\\\\\\\\\\s0\\\\\\\\\\\\\\\\s0.5\\\\\\\\s33\\\\\\\\\\\\\\\\s1.5\\\\\\\\\\\\\\\\s0.02\\\\\\\\s32\\\\\\\\\\\\\\\\s1.5\\\\\\\\\\\\\\\\s0.02\\\\\\\\s32\\\\\\\\\\\\\\\\s1.5\\\\\\\\\\\\\\\\s0.02\\\\s1\\\\\\\\smy_NAND_1\\\\\\\\s33\\\\\\\\\\\\\\\\s1.5\\\\\\\\\\\\\\\\s0.02\\\\\\\\s0\\\\\\\\\\\\\\\\s0\\\\\\\\\\\\\\\\s40\\\\\\\\\\\\\\\\s5\\\\\\\\\\\\\\\\s0\\\\\\\\\\\\\\\\s0\\\\\\\\\\\\\\\\s0.5\\\\\\\\s33\\\\\\\\\\\\\\\\s1.5\\\\\\\\\\\\\\\\s0.02\\\\\\\\s32\\\\\\\\\\\\\\\\s1.5\\\\\\\\\\\\\\\\s0.02\\\\\\\\s32\\\\\\\\\\\\\\\\s1.5\\\\\\\\\\\\\\\\s0.02\\\\s1\\\\\\\\smy_NAND_1\\\\\\\\s33\\\\\\\\\\\\\\\\s1.5\\\\\\\\\\\\\\\\s0.02\\\\\\\\s0\\\\\\\\\\\\\\\\s0\\\\\\\\\\\\\\\\s40\\\\\\\\\\\\\\\\s5\\\\\\\\\\\\\\\\s0\\\\\\\\\\\\\\\\s0\\\\\\\\\\\\\\\\s0.5\\\\\\\\s33\\\\\\\\\\\\\\\\s1.5\\\\\\\\\\\\\\\\s0.02\\\\\\\\s32\\\\\\\\\\\\\\\\s1.5\\\\\\\\\\\\\\\\s0.02\\\\\\\\s32\\\\\\\\\\\\\\\\s1.5\\\\\\\\\\\\\\\\s0.02\\\\s1\\\\\\\\smy_NAND_1\\\\\\\\s33\\\\\\\\\\\\\\\\s1.5\\\\\\\\\\\\\\\\s0.02\\\\\\\\s0\\\\\\\\\\\\\\\\s0\\\\\\\\\\\\\\\\s40\\\\\\\\\\\\\\\\s5\\\\\\\\\\\\\\\\s0\\\\\\\\\\\\\\\\s0\\\\\\\\\\\\\\\\s0.5\\\\\\\\s33\\\\\\\\\\\\\\\\s1.5\\\\\\\\\\\\\\\\s0.02\\\\\\\\s32\\\\\\\\\\\\\\\\s1.5\\\\\\\\\\\\\\\\s0.02\\\\\\\\s32\\\\\\\\\\\\\\\\s1.5\\\\\\\\\\\\\\\\s0.02\\s0\\\\s2\\\\s0\\\\s5\s0\\s2\\s0\\s5\s1\\s全加器\\s1\\\\s半加器\\\\s1\\\\\\\\smy_NAND_1\\\\\\\\s33\\\\\\\\\\\\\\\\s1.5\\\\\\\\\\\\\\\\s0.02\\\\\\\\s0\\\\\\\\\\\\\\\\s0\\\\\\\\\\\\\\\\s40\\\\\\\\\\\\\\\\s5\\\\\\\\\\\\\\\\s0\\\\\\\\\\\\\\\\s0\\\\\\\\\\\\\\\\s0.5\\\\\\\\s33\\\\\\\\\\\\\\\\s1.5\\\\\\\\\\\\\\\\s0.02\\\\\\\\s32\\\\\\\\\\\\\\\\s1.5\\\\\\\\\\\\\\\\s0.02\\\\\\\\s32\\\\\\\\\\\\\\\\s1.5\\\\\\\\\\\\\\\\s0.02\\\\s1\\\\\\\\smy_NAND_1\\\\\\\\s33\\\\\\\\\\\\\\\\s1.5\\\\\\\\\\\\\\\\s0.02\\\\\\\\s0\\\\\\\\\\\\\\\\s0\\\\\\\\\\\\\\\\s40\\\\\\\\\\\\\\\\s5\\\\\\\\\\\\\\\\s0\\\\\\\\\\\\\\\\s0\\\\\\\\\\\\\\\\s0.5\\\\\\\\s33\\\\\\\\\\\\\\\\s1.5\\\\\\\\\\\\\\\\s0.02\\\\\\\\s32\\\\\\\\\\\\\\\\s1.5\\\\\\\\\\\\\\\\s0.02\\\\\\\\s32\\\\\\\\\\\\\\\\s1.5\\\\\\\\\\\\\\\\s0.02\\\\s1\\\\\\\\smy_NAND_1\\\\\\\\s33\\\\\\\\\\\\\\\\s1.5\\\\\\\\\\\\\\\\s0.02\\\\\\\\s0\\\\\\\\\\\\\\\\s0\\\\\\\\\\\\\\\\s40\\\\\\\\\\\\\\\\s5\\\\\\\\\\\\\\\\s0\\\\\\\\\\\\\\\\s0\\\\\\\\\\\\\\\\s0.5\\\\\\\\s33\\\\\\\\\\\\\\\\s1.5\\\\\\\\\\\\\\\\s0.02\\\\\\\\s32\\\\\\\\\\\\\\\\s1.5\\\\\\\\\\\\\\\\s0.02\\\\\\\\s32\\\\\\\\\\\\\\\\s1.5\\\\\\\\\\\\\\\\s0.02\\\\s1\\\\\\\\smy_NAND_1\\\\\\\\s33\\\\\\\\\\\\\\\\s1.5\\\\\\\\\\\\\\\\s0.02\\\\\\\\s0\\\\\\\\\\\\\\\\s0\\\\\\\\\\\\\\\\s40\\\\\\\\\\\\\\\\s5\\\\\\\\\\\\\\\\s0\\\\\\\\\\\\\\\\s0\\\\\\\\\\\\\\\\s0.5\\\\\\\\s33\\\\\\\\\\\\\\\\s1.5\\\\\\\\\\\\\\\\s0.02\\\\\\\\s32\\\\\\\\\\\\\\\\s1.5\\\\\\\\\\\\\\\\s0.02\\\\\\\\s32\\\\\\\\\\\\\\\\s1.5\\\\\\\\\\\\\\\\s0.02\\\\s1\\\\\\\\smy_NAND_1\\\\\\\\s33\\\\\\\\\\\\\\\\s1.5\\\\\\\\\\\\\\\\s0.02\\\\\\\\s0\\\\\\\\\\\\\\\\s0\\\\\\\\\\\\\\\\s40\\\\\\\\\\\\\\\\s5\\\\\\\\\\\\\\\\s0\\\\\\\\\\\\\\\\s0\\\\\\\\\\\\\\\\s0.5\\\\\\\\s33\\\\\\\\\\\\\\\\s1.5\\\\\\\\\\\\\\\\s0.02\\\\\\\\s32\\\\\\\\\\\\\\\\s1.5\\\\\\\\\\\\\\\\s0.02\\\\\\\\s32\\\\\\\\\\\\\\\\s1.5\\\\\\\\\\\\\\\\s0.02\\\\s1\\\\\\\\smy_NAND_1\\\\\\\\s33\\\\\\\\\\\\\\\\s1.5\\\\\\\\\\\\\\\\s0.02\\\\\\\\s0\\\\\\\\\\\\\\\\s0\\\\\\\\\\\\\\\\s40\\\\\\\\\\\\\\\\s5\\\\\\\\\\\\\\\\s0\\\\\\\\\\\\\\\\s0\\\\\\\\\\\\\\\\s0.5\\\\\\\\s33\\\\\\\\\\\\\\\\s1.5\\\\\\\\\\\\\\\\s0.02\\\\\\\\s32\\\\\\\\\\\\\\\\s1.5\\\\\\\\\\\\\\\\s0.02\\\\\\\\s32\\\\\\\\\\\\\\\\s1.5\\\\\\\\\\\\\\\\s0.02\\\\s1\\\\\\\\smy_NAND_1\\\\\\\\s33\\\\\\\\\\\\\\\\s1.5\\\\\\\\\\\\\\\\s0.02\\\\\\\\s0\\\\\\\\\\\\\\\\s0\\\\\\\\\\\\\\\\s40\\\\\\\\\\\\\\\\s5\\\\\\\\\\\\\\\\s0\\\\\\\\\\\\\\\\s0\\\\\\\\\\\\\\\\s0.5\\\\\\\\s33\\\\\\\\\\\\\\\\s1.5\\\\\\\\\\\\\\\\s0.02\\\\\\\\s32\\\\\\\\\\\\\\\\s1.5\\\\\\\\\\\\\\\\s0.02\\\\\\\\s32\\\\\\\\\\\\\\\\s1.5\\\\\\\\\\\\\\\\s0.02\\s1\\\\s半加器\\\\s1\\\\\\\\smy_NAND_1\\\\\\\\s33\\\\\\\\\\\\\\\\s1.5\\\\\\\\\\\\\\\\s0.02\\\\\\\\s0\\\\\\\\\\\\\\\\s0\\\\\\\\\\\\\\\\s40\\\\\\\\\\\\\\\\s5\\\\\\\\\\\\\\\\s0\\\\\\\\\\\\\\\\s0\\\\\\\\\\\\\\\\s0.5\\\\\\\\s33\\\\\\\\\\\\\\\\s1.5\\\\\\\\\\\\\\\\s0.02\\\\\\\\s32\\\\\\\\\\\\\\\\s1.5\\\\\\\\\\\\\\\\s0.02\\\\\\\\s32\\\\\\\\\\\\\\\\s1.5\\\\\\\\\\\\\\\\s0.02\\\\s1\\\\\\\\smy_NAND_1\\\\\\\\s33\\\\\\\\\\\\\\\\s1.5\\\\\\\\\\\\\\\\s0.02\\\\\\\\s0\\\\\\\\\\\\\\\\s0\\\\\\\\\\\\\\\\s40\\\\\\\\\\\\\\\\s5\\\\\\\\\\\\\\\\s0\\\\\\\\\\\\\\\\s0\\\\\\\\\\\\\\\\s0.5\\\\\\\\s33\\\\\\\\\\\\\\\\s1.5\\\\\\\\\\\\\\\\s0.02\\\\\\\\s32\\\\\\\\\\\\\\\\s1.5\\\\\\\\\\\\\\\\s0.02\\\\\\\\s32\\\\\\\\\\\\\\\\s1.5\\\\\\\\\\\\\\\\s0.02\\\\s1\\\\\\\\smy_NAND_1\\\\\\\\s33\\\\\\\\\\\\\\\\s1.5\\\\\\\\\\\\\\\\s0.02\\\\\\\\s0\\\\\\\\\\\\\\\\s0\\\\\\\\\\\\\\\\s40\\\\\\\\\\\\\\\\s5\\\\\\\\\\\\\\\\s0\\\\\\\\\\\\\\\\s0\\\\\\\\\\\\\\\\s0.5\\\\\\\\s33\\\\\\\\\\\\\\\\s1.5\\\\\\\\\\\\\\\\s0.02\\\\\\\\s32\\\\\\\\\\\\\\\\s1.5\\\\\\\\\\\\\\\\s0.02\\\\\\\\s32\\\\\\\\\\\\\\\\s1.5\\\\\\\\\\\\\\\\s0.02\\\\s1\\\\\\\\smy_NAND_1\\\\\\\\s33\\\\\\\\\\\\\\\\s1.5\\\\\\\\\\\\\\\\s0.02\\\\\\\\s0\\\\\\\\\\\\\\\\s0\\\\\\\\\\\\\\\\s40\\\\\\\\\\\\\\\\s5\\\\\\\\\\\\\\\\s0\\\\\\\\\\\\\\\\s0\\\\\\\\\\\\\\\\s0.5\\\\\\\\s33\\\\\\\\\\\\\\\\s1.5\\\\\\\\\\\\\\\\s0.02\\\\\\\\s32\\\\\\\\\\\\\\\\s1.5\\\\\\\\\\\\\\\\s0.02\\\\\\\\s32\\\\\\\\\\\\\\\\s1.5\\\\\\\\\\\\\\\\s0.02\\\\s1\\\\\\\\smy_NAND_1\\\\\\\\s33\\\\\\\\\\\\\\\\s1.5\\\\\\\\\\\\\\\\s0.02\\\\\\\\s0\\\\\\\\\\\\\\\\s0\\\\\\\\\\\\\\\\s40\\\\\\\\\\\\\\\\s5\\\\\\\\\\\\\\\\s0\\\\\\\\\\\\\\\\s0\\\\\\\\\\\\\\\\s0.5\\\\\\\\s33\\\\\\\\\\\\\\\\s1.5\\\\\\\\\\\\\\\\s0.02\\\\\\\\s32\\\\\\\\\\\\\\\\s1.5\\\\\\\\\\\\\\\\s0.02\\\\\\\\s32\\\\\\\\\\\\\\\\s1.5\\\\\\\\\\\\\\\\s0.02\\\\s1\\\\\\\\smy_NAND_1\\\\\\\\s33\\\\\\\\\\\\\\\\s1.5\\\\\\\\\\\\\\\\s0.02\\\\\\\\s0\\\\\\\\\\\\\\\\s0\\\\\\\\\\\\\\\\s40\\\\\\\\\\\\\\\\s5\\\\\\\\\\\\\\\\s0\\\\\\\\\\\\\\\\s0\\\\\\\\\\\\\\\\s0.5\\\\\\\\s33\\\\\\\\\\\\\\\\s1.5\\\\\\\\\\\\\\\\s0.02\\\\\\\\s32\\\\\\\\\\\\\\\\s1.5\\\\\\\\\\\\\\\\s0.02\\\\\\\\s32\\\\\\\\\\\\\\\\s1.5\\\\\\\\\\\\\\\\s0.02\\\\s1\\\\\\\\smy_NAND_1\\\\\\\\s33\\\\\\\\\\\\\\\\s1.5\\\\\\\\\\\\\\\\s0.02\\\\\\\\s0\\\\\\\\\\\\\\\\s0\\\\\\\\\\\\\\\\s40\\\\\\\\\\\\\\\\s5\\\\\\\\\\\\\\\\s0\\\\\\\\\\\\\\\\s0\\\\\\\\\\\\\\\\s0.5\\\\\\\\s33\\\\\\\\\\\\\\\\s1.5\\\\\\\\\\\\\\\\s0.02\\\\\\\\s32\\\\\\\\\\\\\\\\s1.5\\\\\\\\\\\\\\\\s0.02\\\\\\\\s32\\\\\\\\\\\\\\\\s1.5\\\\\\\\\\\\\\\\s0.02\\s0\\\\s2\\\\s0\\\\s5
410 216 696 392 880 1 乘法器 1\s半加器\s1\\smy_NAND_1\\s33\\\\s1.5\\\\s0.02\\s0\\\\s0\\\\s40\\\\s5\\\\s0\\\\s0\\\\s0.5\\s33\\\\s1.5\\\\s0.02\\s32\\\\s1.5\\\\s0.02\\s32\\\\s1.5\\\\s0.02\s1\\smy_NAND_1\\s33\\\\s1.5\\\\s0.02\\s0\\\\s0\\\\s40\\\\s5\\\\s0\\\\s0\\\\s0.5\\s33\\\\s1.5\\\\s0.02\\s32\\\\s1.5\\\\s0.02\\s32\\\\s1.5\\\\s0.02\s1\\smy_NAND_1\\s33\\\\s1.5\\\\s0.02\\s0\\\\s0\\\\s40\\\\s5\\\\s0\\\\s0\\\\s0.5\\s33\\\\s1.5\\\\s0.02\\s32\\\\s1.5\\\\s0.02\\s32\\\\s1.5\\\\s0.02\s1\\smy_NAND_1\\s33\\\\s1.5\\\\s0.02\\s0\\\\s0\\\\s40\\\\s5\\\\s0\\\\s0\\\\s0.5\\s33\\\\s1.5\\\\s0.02\\s32\\\\s1.5\\\\s0.02\\s32\\\\s1.5\\\\s0.02\s1\\smy_NAND_1\\s33\\\\s1.5\\\\s0.02\\s0\\\\s0\\\\s40\\\\s5\\\\s0\\\\s0\\\\s0.5\\s33\\\\s1.5\\\\s0.02\\s32\\\\s1.5\\\\s0.02\\s32\\\\s1.5\\\\s0.02\s1\\smy_NAND_1\\s33\\\\s1.5\\\\s0.02\\s0\\\\s0\\\\s40\\\\s5\\\\s0\\\\s0\\\\s0.5\\s33\\\\s1.5\\\\s0.02\\s32\\\\s1.5\\\\s0.02\\s32\\\\s1.5\\\\s0.02\s1\\smy_NAND_1\\s33\\\\s1.5\\\\s0.02\\s0\\\\s0\\\\s40\\\\s5\\\\s0\\\\s0\\\\s0.5\\s33\\\\s1.5\\\\s0.02\\s32\\\\s1.5\\\\s0.02\\s32\\\\s1.5\\\\s0.02 0\s2\s0\s5 0\s2\s0\s5 0\s2\s0\s5 0\s2\s0\s5 0\s2\s0\s5 1\s全加器\s1\\s半加器\\s1\\\\smy_NAND_1\\\\s33\\\\\\\\s1.5\\\\\\\\s0.02\\\\s0\\\\\\\\s0\\\\\\\\s40\\\\\\\\s5\\\\\\\\s0\\\\\\\\s0\\\\\\\\s0.5\\\\s33\\\\\\\\s1.5\\\\\\\\s0.02\\\\s32\\\\\\\\s1.5\\\\\\\\s0.02\\\\s32\\\\\\\\s1.5\\\\\\\\s0.02\\s1\\\\smy_NAND_1\\\\s33\\\\\\\\s1.5\\\\\\\\s0.02\\\\s0\\\\\\\\s0\\\\\\\\s40\\\\\\\\s5\\\\\\\\s0\\\\\\\\s0\\\\\\\\s0.5\\\\s33\\\\\\\\s1.5\\\\\\\\s0.02\\\\s32\\\\\\\\s1.5\\\\\\\\s0.02\\\\s32\\\\\\\\s1.5\\\\\\\\s0.02\\s1\\\\smy_NAND_1\\\\s33\\\\\\\\s1.5\\\\\\\\s0.02\\\\s0\\\\\\\\s0\\\\\\\\s40\\\\\\\\s5\\\\\\\\s0\\\\\\\\s0\\\\\\\\s0.5\\\\s33\\\\\\\\s1.5\\\\\\\\s0.02\\\\s32\\\\\\\\s1.5\\\\\\\\s0.02\\\\s32\\\\\\\\s1.5\\\\\\\\s0.02\\s1\\\\smy_NAND_1\\\\s33\\\\\\\\s1.5\\\\\\\\s0.02\\\\s0\\\\\\\\s0\\\\\\\\s40\\\\\\\\s5\\\\\\\\s0\\\\\\\\s0\\\\\\\\s0.5\\\\s33\\\\\\\\s1.5\\\\\\\\s0.02\\\\s32\\\\\\\\s1.5\\\\\\\\s0.02\\\\s32\\\\\\\\s1.5\\\\\\\\s0.02\\s1\\\\smy_NAND_1\\\\s33\\\\\\\\s1.5\\\\\\\\s0.02\\\\s0\\\\\\\\s0\\\\\\\\s40\\\\\\\\s5\\\\\\\\s0\\\\\\\\s0\\\\\\\\s0.5\\\\s33\\\\\\\\s1.5\\\\\\\\s0.02\\\\s32\\\\\\\\s1.5\\\\\\\\s0.02\\\\s32\\\\\\\\s1.5\\\\\\\\s0.02\\s1\\\\smy_NAND_1\\\\s33\\\\\\\\s1.5\\\\\\\\s0.02\\\\s0\\\\\\\\s0\\\\\\\\s40\\\\\\\\s5\\\\\\\\s0\\\\\\\\s0\\\\\\\\s0.5\\\\s33\\\\\\\\s1.5\\\\\\\\s0.02\\\\s32\\\\\\\\s1.5\\\\\\\\s0.02\\\\s32\\\\\\\\s1.5\\\\\\\\s0.02\\s1\\\\smy_NAND_1\\\\s33\\\\\\\\s1.5\\\\\\\\s0.02\\\\s0\\\\\\\\s0\\\\\\\\s40\\\\\\\\s5\\\\\\\\s0\\\\\\\\s0\\\\\\\\s0.5\\\\s33\\\\\\\\s1.5\\\\\\\\s0.02\\\\s32\\\\\\\\s1.5\\\\\\\\s0.02\\\\s32\\\\\\\\s1.5\\\\\\\\s0.02\s1\\s半加器\\s1\\\\smy_NAND_1\\\\s33\\\\\\\\s1.5\\\\\\\\s0.02\\\\s0\\\\\\\\s0\\\\\\\\s40\\\\\\\\s5\\\\\\\\s0\\\\\\\\s0\\\\\\\\s0.5\\\\s33\\\\\\\\s1.5\\\\\\\\s0.02\\\\s32\\\\\\\\s1.5\\\\\\\\s0.02\\\\s32\\\\\\\\s1.5\\\\\\\\s0.02\\s1\\\\smy_NAND_1\\\\s33\\\\\\\\s1.5\\\\\\\\s0.02\\\\s0\\\\\\\\s0\\\\\\\\s40\\\\\\\\s5\\\\\\\\s0\\\\\\\\s0\\\\\\\\s0.5\\\\s33\\\\\\\\s1.5\\\\\\\\s0.02\\\\s32\\\\\\\\s1.5\\\\\\\\s0.02\\\\s32\\\\\\\\s1.5\\\\\\\\s0.02\\s1\\\\smy_NAND_1\\\\s33\\\\\\\\s1.5\\\\\\\\s0.02\\\\s0\\\\\\\\s0\\\\\\\\s40\\\\\\\\s5\\\\\\\\s0\\\\\\\\s0\\\\\\\\s0.5\\\\s33\\\\\\\\s1.5\\\\\\\\s0.02\\\\s32\\\\\\\\s1.5\\\\\\\\s0.02\\\\s32\\\\\\\\s1.5\\\\\\\\s0.02\\s1\\\\smy_NAND_1\\\\s33\\\\\\\\s1.5\\\\\\\\s0.02\\\\s0\\\\\\\\s0\\\\\\\\s40\\\\\\\\s5\\\\\\\\s0\\\\\\\\s0\\\\\\\\s0.5\\\\s33\\\\\\\\s1.5\\\\\\\\s0.02\\\\s32\\\\\\\\s1.5\\\\\\\\s0.02\\\\s32\\\\\\\\s1.5\\\\\\\\s0.02\\s1\\\\smy_NAND_1\\\\s33\\\\\\\\s1.5\\\\\\\\s0.02\\\\s0\\\\\\\\s0\\\\\\\\s40\\\\\\\\s5\\\\\\\\s0\\\\\\\\s0\\\\\\\\s0.5\\\\s33\\\\\\\\s1.5\\\\\\\\s0.02\\\\s32\\\\\\\\s1.5\\\\\\\\s0.02\\\\s32\\\\\\\\s1.5\\\\\\\\s0.02\\s1\\\\smy_NAND_1\\\\s33\\\\\\\\s1.5\\\\\\\\s0.02\\\\s0\\\\\\\\s0\\\\\\\\s40\\\\\\\\s5\\\\\\\\s0\\\\\\\\s0\\\\\\\\s0.5\\\\s33\\\\\\\\s1.5\\\\\\\\s0.02\\\\s32\\\\\\\\s1.5\\\\\\\\s0.02\\\\s32\\\\\\\\s1.5\\\\\\\\s0.02\\s1\\\\smy_NAND_1\\\\s33\\\\\\\\s1.5\\\\\\\\s0.02\\\\s0\\\\\\\\s0\\\\\\\\s40\\\\\\\\s5\\\\\\\\s0\\\\\\\\s0\\\\\\\\s0.5\\\\s33\\\\\\\\s1.5\\\\\\\\s0.02\\\\s32\\\\\\\\s1.5\\\\\\\\s0.02\\\\s32\\\\\\\\s1.5\\\\\\\\s0.02\s0\\s2\\s0\\s5 0\s2\s0\s5 0\s2\s0\s5 1\s全加器\s1\\s半加器\\s1\\\\smy_NAND_1\\\\s33\\\\\\\\s1.5\\\\\\\\s0.02\\\\s0\\\\\\\\s0\\\\\\\\s40\\\\\\\\s5\\\\\\\\s0\\\\\\\\s0\\\\\\\\s0.5\\\\s33\\\\\\\\s1.5\\\\\\\\s0.02\\\\s32\\\\\\\\s1.5\\\\\\\\s0.02\\\\s32\\\\\\\\s1.5\\\\\\\\s0.02\\s1\\\\smy_NAND_1\\\\s33\\\\\\\\s1.5\\\\\\\\s0.02\\\\s0\\\\\\\\s0\\\\\\\\s40\\\\\\\\s5\\\\\\\\s0\\\\\\\\s0\\\\\\\\s0.5\\\\s33\\\\\\\\s1.5\\\\\\\\s0.02\\\\s32\\\\\\\\s1.5\\\\\\\\s0.02\\\\s32\\\\\\\\s1.5\\\\\\\\s0.02\\s1\\\\smy_NAND_1\\\\s33\\\\\\\\s1.5\\\\\\\\s0.02\\\\s0\\\\\\\\s0\\\\\\\\s40\\\\\\\\s5\\\\\\\\s0\\\\\\\\s0\\\\\\\\s0.5\\\\s33\\\\\\\\s1.5\\\\\\\\s0.02\\\\s32\\\\\\\\s1.5\\\\\\\\s0.02\\\\s32\\\\\\\\s1.5\\\\\\\\s0.02\\s1\\\\smy_NAND_1\\\\s33\\\\\\\\s1.5\\\\\\\\s0.02\\\\s0\\\\\\\\s0\\\\\\\\s40\\\\\\\\s5\\\\\\\\s0\\\\\\\\s0\\\\\\\\s0.5\\\\s33\\\\\\\\s1.5\\\\\\\\s0.02\\\\s32\\\\\\\\s1.5\\\\\\\\s0.02\\\\s32\\\\\\\\s1.5\\\\\\\\s0.02\\s1\\\\smy_NAND_1\\\\s33\\\\\\\\s1.5\\\\\\\\s0.02\\\\s0\\\\\\\\s0\\\\\\\\s40\\\\\\\\s5\\\\\\\\s0\\\\\\\\s0\\\\\\\\s0.5\\\\s33\\\\\\\\s1.5\\\\\\\\s0.02\\\\s32\\\\\\\\s1.5\\\\\\\\s0.02\\\\s32\\\\\\\\s1.5\\\\\\\\s0.02\\s1\\\\smy_NAND_1\\\\s33\\\\\\\\s1.5\\\\\\\\s0.02\\\\s0\\\\\\\\s0\\\\\\\\s40\\\\\\\\s5\\\\\\\\s0\\\\\\\\s0\\\\\\\\s0.5\\\\s33\\\\\\\\s1.5\\\\\\\\s0.02\\\\s32\\\\\\\\s1.5\\\\\\\\s0.02\\\\s32\\\\\\\\s1.5\\\\\\\\s0.02\\s1\\\\smy_NAND_1\\\\s33\\\\\\\\s1.5\\\\\\\\s0.02\\\\s0\\\\\\\\s0\\\\\\\\s40\\\\\\\\s5\\\\\\\\s0\\\\\\\\s0\\\\\\\\s0.5\\\\s33\\\\\\\\s1.5\\\\\\\\s0.02\\\\s32\\\\\\\\s1.5\\\\\\\\s0.02\\\\s32\\\\\\\\s1.5\\\\\\\\s0.02\s1\\s半加器\\s1\\\\smy_NAND_1\\\\s33\\\\\\\\s1.5\\\\\\\\s0.02\\\\s0\\\\\\\\s0\\\\\\\\s40\\\\\\\\s5\\\\\\\\s0\\\\\\\\s0\\\\\\\\s0.5\\\\s33\\\\\\\\s1.5\\\\\\\\s0.02\\\\s32\\\\\\\\s1.5\\\\\\\\s0.02\\\\s32\\\\\\\\s1.5\\\\\\\\s0.02\\s1\\\\smy_NAND_1\\\\s33\\\\\\\\s1.5\\\\\\\\s0.02\\\\s0\\\\\\\\s0\\\\\\\\s40\\\\\\\\s5\\\\\\\\s0\\\\\\\\s0\\\\\\\\s0.5\\\\s33\\\\\\\\s1.5\\\\\\\\s0.02\\\\s32\\\\\\\\s1.5\\\\\\\\s0.02\\\\s32\\\\\\\\s1.5\\\\\\\\s0.02\\s1\\\\smy_NAND_1\\\\s33\\\\\\\\s1.5\\\\\\\\s0.02\\\\s0\\\\\\\\s0\\\\\\\\s40\\\\\\\\s5\\\\\\\\s0\\\\\\\\s0\\\\\\\\s0.5\\\\s33\\\\\\\\s1.5\\\\\\\\s0.02\\\\s32\\\\\\\\s1.5\\\\\\\\s0.02\\\\s32\\\\\\\\s1.5\\\\\\\\s0.02\\s1\\\\smy_NAND_1\\\\s33\\\\\\\\s1.5\\\\\\\\s0.02\\\\s0\\\\\\\\s0\\\\\\\\s40\\\\\\\\s5\\\\\\\\s0\\\\\\\\s0\\\\\\\\s0.5\\\\s33\\\\\\\\s1.5\\\\\\\\s0.02\\\\s32\\\\\\\\s1.5\\\\\\\\s0.02\\\\s32\\\\\\\\s1.5\\\\\\\\s0.02\\s1\\\\smy_NAND_1\\\\s33\\\\\\\\s1.5\\\\\\\\s0.02\\\\s0\\\\\\\\s0\\\\\\\\s40\\\\\\\\s5\\\\\\\\s0\\\\\\\\s0\\\\\\\\s0.5\\\\s33\\\\\\\\s1.5\\\\\\\\s0.02\\\\s32\\\\\\\\s1.5\\\\\\\\s0.02\\\\s32\\\\\\\\s1.5\\\\\\\\s0.02\\s1\\\\smy_NAND_1\\\\s33\\\\\\\\s1.5\\\\\\\\s0.02\\\\s0\\\\\\\\s0\\\\\\\\s40\\\\\\\\s5\\\\\\\\s0\\\\\\\\s0\\\\\\\\s0.5\\\\s33\\\\\\\\s1.5\\\\\\\\s0.02\\\\s32\\\\\\\\s1.5\\\\\\\\s0.02\\\\s32\\\\\\\\s1.5\\\\\\\\s0.02\\s1\\\\smy_NAND_1\\\\s33\\\\\\\\s1.5\\\\\\\\s0.02\\\\s0\\\\\\\\s0\\\\\\\\s40\\\\\\\\s5\\\\\\\\s0\\\\\\\\s0\\\\\\\\s0.5\\\\s33\\\\\\\\s1.5\\\\\\\\s0.02\\\\s32\\\\\\\\s1.5\\\\\\\\s0.02\\\\s32\\\\\\\\s1.5\\\\\\\\s0.02\s0\\s2\\s0\\s5 0\s2\s0\s5 1\s半加器\s1\\smy_NAND_1\\s33\\\\s1.5\\\\s0.02\\s0\\\\s0\\\\s40\\\\s5\\\\s0\\\\s0\\\\s0.5\\s33\\\\s1.5\\\\s0.02\\s32\\\\s1.5\\\\s0.02\\s32\\\\s1.5\\\\s0.02\s1\\smy_NAND_1\\s33\\\\s1.5\\\\s0.02\\s0\\\\s0\\\\s40\\\\s5\\\\s0\\\\s0\\\\s0.5\\s33\\\\s1.5\\\\s0.02\\s32\\\\s1.5\\\\s0.02\\s32\\\\s1.5\\\\s0.02\s1\\smy_NAND_1\\s33\\\\s1.5\\\\s0.02\\s0\\\\s0\\\\s40\\\\s5\\\\s0\\\\s0\\\\s0.5\\s33\\\\s1.5\\\\s0.02\\s32\\\\s1.5\\\\s0.02\\s32\\\\s1.5\\\\s0.02\s1\\smy_NAND_1\\s33\\\\s1.5\\\\s0.02\\s0\\\\s0\\\\s40\\\\s5\\\\s0\\\\s0\\\\s0.5\\s33\\\\s1.5\\\\s0.02\\s32\\\\s1.5\\\\s0.02\\s32\\\\s1.5\\\\s0.02\s1\\smy_NAND_1\\s33\\\\s1.5\\\\s0.02\\s0\\\\s0\\\\s40\\\\s5\\\\s0\\\\s0\\\\s0.5\\s33\\\\s1.5\\\\s0.02\\s32\\\\s1.5\\\\s0.02\\s32\\\\s1.5\\\\s0.02\s1\\smy_NAND_1\\s33\\\\s1.5\\\\s0.02\\s0\\\\s0\\\\s40\\\\s5\\\\s0\\\\s0\\\\s0.5\\s33\\\\s1.5\\\\s0.02\\s32\\\\s1.5\\\\s0.02\\s32\\\\s1.5\\\\s0.02\s1\\smy_NAND_1\\s33\\\\s1.5\\\\s0.02\\s0\\\\s0\\\\s40\\\\s5\\\\s0\\\\s0\\\\s0.5\\s33\\\\s1.5\\\\s0.02\\s32\\\\s1.5\\\\s0.02\\s32\\\\s1.5\\\\s0.02 0\s2\s0\s5 1\s半加器\s1\\smy_NAND_1\\s33\\\\s1.5\\\\s0.02\\s0\\\\s0\\\\s40\\\\s5\\\\s0\\\\s0\\\\s0.5\\s33\\\\s1.5\\\\s0.02\\s32\\\\s1.5\\\\s0.02\\s32\\\\s1.5\\\\s0.02\s1\\smy_NAND_1\\s33\\\\s1.5\\\\s0.02\\s0\\\\s0\\\\s40\\\\s5\\\\s0\\\\s0\\\\s0.5\\s33\\\\s1.5\\\\s0.02\\s32\\\\s1.5\\\\s0.02\\s32\\\\s1.5\\\\s0.02\s1\\smy_NAND_1\\s33\\\\s1.5\\\\s0.02\\s0\\\\s0\\\\s40\\\\s5\\\\s0\\\\s0\\\\s0.5\\s33\\\\s1.5\\\\s0.02\\s32\\\\s1.5\\\\s0.02\\s32\\\\s1.5\\\\s0.02\s1\\smy_NAND_1\\s33\\\\s1.5\\\\s0.02\\s0\\\\s0\\\\s40\\\\s5\\\\s0\\\\s0\\\\s0.5\\s33\\\\s1.5\\\\s0.02\\s32\\\\s1.5\\\\s0.02\\s32\\\\s1.5\\\\s0.02\s1\\smy_NAND_1\\s33\\\\s1.5\\\\s0.02\\s0\\\\s0\\\\s40\\\\s5\\\\s0\\\\s0\\\\s0.5\\s33\\\\s1.5\\\\s0.02\\s32\\\\s1.5\\\\s0.02\\s32\\\\s1.5\\\\s0.02\s1\\smy_NAND_1\\s33\\\\s1.5\\\\s0.02\\s0\\\\s0\\\\s40\\\\s5\\\\s0\\\\s0\\\\s0.5\\s33\\\\s1.5\\\\s0.02\\s32\\\\s1.5\\\\s0.02\\s32\\\\s1.5\\\\s0.02\s1\\smy_NAND_1\\s33\\\\s1.5\\\\s0.02\\s0\\\\s0\\\\s40\\\\s5\\\\s0\\\\s0\\\\s0.5\\s33\\\\s1.5\\\\s0.02\\s32\\\\s1.5\\\\s0.02\\s32\\\\s1.5\\\\s0.02 0\s2\s0\s5 1\s全加器\s1\\s半加器\\s1\\\\smy_NAND_1\\\\s33\\\\\\\\s1.5\\\\\\\\s0.02\\\\s0\\\\\\\\s0\\\\\\\\s40\\\\\\\\s5\\\\\\\\s0\\\\\\\\s0\\\\\\\\s0.5\\\\s33\\\\\\\\s1.5\\\\\\\\s0.02\\\\s32\\\\\\\\s1.5\\\\\\\\s0.02\\\\s32\\\\\\\\s1.5\\\\\\\\s0.02\\s1\\\\smy_NAND_1\\\\s33\\\\\\\\s1.5\\\\\\\\s0.02\\\\s0\\\\\\\\s0\\\\\\\\s40\\\\\\\\s5\\\\\\\\s0\\\\\\\\s0\\\\\\\\s0.5\\\\s33\\\\\\\\s1.5\\\\\\\\s0.02\\\\s32\\\\\\\\s1.5\\\\\\\\s0.02\\\\s32\\\\\\\\s1.5\\\\\\\\s0.02\\s1\\\\smy_NAND_1\\\\s33\\\\\\\\s1.5\\\\\\\\s0.02\\\\s0\\\\\\\\s0\\\\\\\\s40\\\\\\\\s5\\\\\\\\s0\\\\\\\\s0\\\\\\\\s0.5\\\\s33\\\\\\\\s1.5\\\\\\\\s0.02\\\\s32\\\\\\\\s1.5\\\\\\\\s0.02\\\\s32\\\\\\\\s1.5\\\\\\\\s0.02\\s1\\\\smy_NAND_1\\\\s33\\\\\\\\s1.5\\\\\\\\s0.02\\\\s0\\\\\\\\s0\\\\\\\\s40\\\\\\\\s5\\\\\\\\s0\\\\\\\\s0\\\\\\\\s0.5\\\\s33\\\\\\\\s1.5\\\\\\\\s0.02\\\\s32\\\\\\\\s1.5\\\\\\\\s0.02\\\\s32\\\\\\\\s1.5\\\\\\\\s0.02\\s1\\\\smy_NAND_1\\\\s33\\\\\\\\s1.5\\\\\\\\s0.02\\\\s0\\\\\\\\s0\\\\\\\\s40\\\\\\\\s5\\\\\\\\s0\\\\\\\\s0\\\\\\\\s0.5\\\\s33\\\\\\\\s1.5\\\\\\\\s0.02\\\\s32\\\\\\\\s1.5\\\\\\\\s0.02\\\\s32\\\\\\\\s1.5\\\\\\\\s0.02\\s1\\\\smy_NAND_1\\\\s33\\\\\\\\s1.5\\\\\\\\s0.02\\\\s0\\\\\\\\s0\\\\\\\\s40\\\\\\\\s5\\\\\\\\s0\\\\\\\\s0\\\\\\\\s0.5\\\\s33\\\\\\\\s1.5\\\\\\\\s0.02\\\\s32\\\\\\\\s1.5\\\\\\\\s0.02\\\\s32\\\\\\\\s1.5\\\\\\\\s0.02\\s1\\\\smy_NAND_1\\\\s33\\\\\\\\s1.5\\\\\\\\s0.02\\\\s0\\\\\\\\s0\\\\\\\\s40\\\\\\\\s5\\\\\\\\s0\\\\\\\\s0\\\\\\\\s0.5\\\\s33\\\\\\\\s1.5\\\\\\\\s0.02\\\\s32\\\\\\\\s1.5\\\\\\\\s0.02\\\\s32\\\\\\\\s1.5\\\\\\\\s0.02\s1\\s半加器\\s1\\\\smy_NAND_1\\\\s33\\\\\\\\s1.5\\\\\\\\s0.02\\\\s0\\\\\\\\s0\\\\\\\\s40\\\\\\\\s5\\\\\\\\s0\\\\\\\\s0\\\\\\\\s0.5\\\\s33\\\\\\\\s1.5\\\\\\\\s0.02\\\\s32\\\\\\\\s1.5\\\\\\\\s0.02\\\\s32\\\\\\\\s1.5\\\\\\\\s0.02\\s1\\\\smy_NAND_1\\\\s33\\\\\\\\s1.5\\\\\\\\s0.02\\\\s0\\\\\\\\s0\\\\\\\\s40\\\\\\\\s5\\\\\\\\s0\\\\\\\\s0\\\\\\\\s0.5\\\\s33\\\\\\\\s1.5\\\\\\\\s0.02\\\\s32\\\\\\\\s1.5\\\\\\\\s0.02\\\\s32\\\\\\\\s1.5\\\\\\\\s0.02\\s1\\\\smy_NAND_1\\\\s33\\\\\\\\s1.5\\\\\\\\s0.02\\\\s0\\\\\\\\s0\\\\\\\\s40\\\\\\\\s5\\\\\\\\s0\\\\\\\\s0\\\\\\\\s0.5\\\\s33\\\\\\\\s1.5\\\\\\\\s0.02\\\\s32\\\\\\\\s1.5\\\\\\\\s0.02\\\\s32\\\\\\\\s1.5\\\\\\\\s0.02\\s1\\\\smy_NAND_1\\\\s33\\\\\\\\s1.5\\\\\\\\s0.02\\\\s0\\\\\\\\s0\\\\\\\\s40\\\\\\\\s5\\\\\\\\s0\\\\\\\\s0\\\\\\\\s0.5\\\\s33\\\\\\\\s1.5\\\\\\\\s0.02\\\\s32\\\\\\\\s1.5\\\\\\\\s0.02\\\\s32\\\\\\\\s1.5\\\\\\\\s0.02\\s1\\\\smy_NAND_1\\\\s33\\\\\\\\s1.5\\\\\\\\s0.02\\\\s0\\\\\\\\s0\\\\\\\\s40\\\\\\\\s5\\\\\\\\s0\\\\\\\\s0\\\\\\\\s0.5\\\\s33\\\\\\\\s1.5\\\\\\\\s0.02\\\\s32\\\\\\\\s1.5\\\\\\\\s0.02\\\\s32\\\\\\\\s1.5\\\\\\\\s0.02\\s1\\\\smy_NAND_1\\\\s33\\\\\\\\s1.5\\\\\\\\s0.02\\\\s0\\\\\\\\s0\\\\\\\\s40\\\\\\\\s5\\\\\\\\s0\\\\\\\\s0\\\\\\\\s0.5\\\\s33\\\\\\\\s1.5\\\\\\\\s0.02\\\\s32\\\\\\\\s1.5\\\\\\\\s0.02\\\\s32\\\\\\\\s1.5\\\\\\\\s0.02\\s1\\\\smy_NAND_1\\\\s33\\\\\\\\s1.5\\\\\\\\s0.02\\\\s0\\\\\\\\s0\\\\\\\\s40\\\\\\\\s5\\\\\\\\s0\\\\\\\\s0\\\\\\\\s0.5\\\\s33\\\\\\\\s1.5\\\\\\\\s0.02\\\\s32\\\\\\\\s1.5\\\\\\\\s0.02\\\\s32\\\\\\\\s1.5\\\\\\\\s0.02\s0\\s2\\s0\\s5 0\s2\s0\s5 1\s全加器\s1\\s半加器\\s1\\\\smy_NAND_1\\\\s33\\\\\\\\s1.5\\\\\\\\s0.02\\\\s0\\\\\\\\s0\\\\\\\\s40\\\\\\\\s5\\\\\\\\s0\\\\\\\\s0\\\\\\\\s0.5\\\\s33\\\\\\\\s1.5\\\\\\\\s0.02\\\\s32\\\\\\\\s1.5\\\\\\\\s0.02\\\\s32\\\\\\\\s1.5\\\\\\\\s0.02\\s1\\\\smy_NAND_1\\\\s33\\\\\\\\s1.5\\\\\\\\s0.02\\\\s0\\\\\\\\s0\\\\\\\\s40\\\\\\\\s5\\\\\\\\s0\\\\\\\\s0\\\\\\\\s0.5\\\\s33\\\\\\\\s1.5\\\\\\\\s0.02\\\\s32\\\\\\\\s1.5\\\\\\\\s0.02\\\\s32\\\\\\\\s1.5\\\\\\\\s0.02\\s1\\\\smy_NAND_1\\\\s33\\\\\\\\s1.5\\\\\\\\s0.02\\\\s0\\\\\\\\s0\\\\\\\\s40\\\\\\\\s5\\\\\\\\s0\\\\\\\\s0\\\\\\\\s0.5\\\\s33\\\\\\\\s1.5\\\\\\\\s0.02\\\\s32\\\\\\\\s1.5\\\\\\\\s0.02\\\\s32\\\\\\\\s1.5\\\\\\\\s0.02\\s1\\\\smy_NAND_1\\\\s33\\\\\\\\s1.5\\\\\\\\s0.02\\\\s0\\\\\\\\s0\\\\\\\\s40\\\\\\\\s5\\\\\\\\s0\\\\\\\\s0\\\\\\\\s0.5\\\\s33\\\\\\\\s1.5\\\\\\\\s0.02\\\\s32\\\\\\\\s1.5\\\\\\\\s0.02\\\\s32\\\\\\\\s1.5\\\\\\\\s0.02\\s1\\\\smy_NAND_1\\\\s33\\\\\\\\s1.5\\\\\\\\s0.02\\\\s0\\\\\\\\s0\\\\\\\\s40\\\\\\\\s5\\\\\\\\s0\\\\\\\\s0\\\\\\\\s0.5\\\\s33\\\\\\\\s1.5\\\\\\\\s0.02\\\\s32\\\\\\\\s1.5\\\\\\\\s0.02\\\\s32\\\\\\\\s1.5\\\\\\\\s0.02\\s1\\\\smy_NAND_1\\\\s33\\\\\\\\s1.5\\\\\\\\s0.02\\\\s0\\\\\\\\s0\\\\\\\\s40\\\\\\\\s5\\\\\\\\s0\\\\\\\\s0\\\\\\\\s0.5\\\\s33\\\\\\\\s1.5\\\\\\\\s0.02\\\\s32\\\\\\\\s1.5\\\\\\\\s0.02\\\\s32\\\\\\\\s1.5\\\\\\\\s0.02\\s1\\\\smy_NAND_1\\\\s33\\\\\\\\s1.5\\\\\\\\s0.02\\\\s0\\\\\\\\s0\\\\\\\\s40\\\\\\\\s5\\\\\\\\s0\\\\\\\\s0\\\\\\\\s0.5\\\\s33\\\\\\\\s1.5\\\\\\\\s0.02\\\\s32\\\\\\\\s1.5\\\\\\\\s0.02\\\\s32\\\\\\\\s1.5\\\\\\\\s0.02\s1\\s半加器\\s1\\\\smy_NAND_1\\\\s33\\\\\\\\s1.5\\\\\\\\s0.02\\\\s0\\\\\\\\s0\\\\\\\\s40\\\\\\\\s5\\\\\\\\s0\\\\\\\\s0\\\\\\\\s0.5\\\\s33\\\\\\\\s1.5\\\\\\\\s0.02\\\\s32\\\\\\\\s1.5\\\\\\\\s0.02\\\\s32\\\\\\\\s1.5\\\\\\\\s0.02\\s1\\\\smy_NAND_1\\\\s33\\\\\\\\s1.5\\\\\\\\s0.02\\\\s0\\\\\\\\s0\\\\\\\\s40\\\\\\\\s5\\\\\\\\s0\\\\\\\\s0\\\\\\\\s0.5\\\\s33\\\\\\\\s1.5\\\\\\\\s0.02\\\\s32\\\\\\\\s1.5\\\\\\\\s0.02\\\\s32\\\\\\\\s1.5\\\\\\\\s0.02\\s1\\\\smy_NAND_1\\\\s33\\\\\\\\s1.5\\\\\\\\s0.02\\\\s0\\\\\\\\s0\\\\\\\\s40\\\\\\\\s5\\\\\\\\s0\\\\\\\\s0\\\\\\\\s0.5\\\\s33\\\\\\\\s1.5\\\\\\\\s0.02\\\\s32\\\\\\\\s1.5\\\\\\\\s0.02\\\\s32\\\\\\\\s1.5\\\\\\\\s0.02\\s1\\\\smy_NAND_1\\\\s33\\\\\\\\s1.5\\\\\\\\s0.02\\\\s0\\\\\\\\s0\\\\\\\\s40\\\\\\\\s5\\\\\\\\s0\\\\\\\\s0\\\\\\\\s0.5\\\\s33\\\\\\\\s1.5\\\\\\\\s0.02\\\\s32\\\\\\\\s1.5\\\\\\\\s0.02\\\\s32\\\\\\\\s1.5\\\\\\\\s0.02\\s1\\\\smy_NAND_1\\\\s33\\\\\\\\s1.5\\\\\\\\s0.02\\\\s0\\\\\\\\s0\\\\\\\\s40\\\\\\\\s5\\\\\\\\s0\\\\\\\\s0\\\\\\\\s0.5\\\\s33\\\\\\\\s1.5\\\\\\\\s0.02\\\\s32\\\\\\\\s1.5\\\\\\\\s0.02\\\\s32\\\\\\\\s1.5\\\\\\\\s0.02\\s1\\\\smy_NAND_1\\\\s33\\\\\\\\s1.5\\\\\\\\s0.02\\\\s0\\\\\\\\s0\\\\\\\\s40\\\\\\\\s5\\\\\\\\s0\\\\\\\\s0\\\\\\\\s0.5\\\\s33\\\\\\\\s1.5\\\\\\\\s0.02\\\\s32\\\\\\\\s1.5\\\\\\\\s0.02\\\\s32\\\\\\\\s1.5\\\\\\\\s0.02\\s1\\\\smy_NAND_1\\\\s33\\\\\\\\s1.5\\\\\\\\s0.02\\\\s0\\\\\\\\s0\\\\\\\\s40\\\\\\\\s5\\\\\\\\s0\\\\\\\\s0\\\\\\\\s0.5\\\\s33\\\\\\\\s1.5\\\\\\\\s0.02\\\\s32\\\\\\\\s1.5\\\\\\\\s0.02\\\\s32\\\\\\\\s1.5\\\\\\\\s0.02\s0\\s2\\s0\\s5 0\s2\s0\s5 1\s全加器\s1\\s半加器\\s1\\\\smy_NAND_1\\\\s33\\\\\\\\s1.5\\\\\\\\s0.02\\\\s0\\\\\\\\s0\\\\\\\\s40\\\\\\\\s5\\\\\\\\s0\\\\\\\\s0\\\\\\\\s0.5\\\\s33\\\\\\\\s1.5\\\\\\\\s0.02\\\\s32\\\\\\\\s1.5\\\\\\\\s0.02\\\\s32\\\\\\\\s1.5\\\\\\\\s0.02\\s1\\\\smy_NAND_1\\\\s33\\\\\\\\s1.5\\\\\\\\s0.02\\\\s0\\\\\\\\s0\\\\\\\\s40\\\\\\\\s5\\\\\\\\s0\\\\\\\\s0\\\\\\\\s0.5\\\\s33\\\\\\\\s1.5\\\\\\\\s0.02\\\\s32\\\\\\\\s1.5\\\\\\\\s0.02\\\\s32\\\\\\\\s1.5\\\\\\\\s0.02\\s1\\\\smy_NAND_1\\\\s33\\\\\\\\s1.5\\\\\\\\s0.02\\\\s0\\\\\\\\s0\\\\\\\\s40\\\\\\\\s5\\\\\\\\s0\\\\\\\\s0\\\\\\\\s0.5\\\\s33\\\\\\\\s1.5\\\\\\\\s0.02\\\\s32\\\\\\\\s1.5\\\\\\\\s0.02\\\\s32\\\\\\\\s1.5\\\\\\\\s0.02\\s1\\\\smy_NAND_1\\\\s33\\\\\\\\s1.5\\\\\\\\s0.02\\\\s0\\\\\\\\s0\\\\\\\\s40\\\\\\\\s5\\\\\\\\s0\\\\\\\\s0\\\\\\\\s0.5\\\\s33\\\\\\\\s1.5\\\\\\\\s0.02\\\\s32\\\\\\\\s1.5\\\\\\\\s0.02\\\\s32\\\\\\\\s1.5\\\\\\\\s0.02\\s1\\\\smy_NAND_1\\\\s33\\\\\\\\s1.5\\\\\\\\s0.02\\\\s0\\\\\\\\s0\\\\\\\\s40\\\\\\\\s5\\\\\\\\s0\\\\\\\\s0\\\\\\\\s0.5\\\\s33\\\\\\\\s1.5\\\\\\\\s0.02\\\\s32\\\\\\\\s1.5\\\\\\\\s0.02\\\\s32\\\\\\\\s1.5\\\\\\\\s0.02\\s1\\\\smy_NAND_1\\\\s33\\\\\\\\s1.5\\\\\\\\s0.02\\\\s0\\\\\\\\s0\\\\\\\\s40\\\\\\\\s5\\\\\\\\s0\\\\\\\\s0\\\\\\\\s0.5\\\\s33\\\\\\\\s1.5\\\\\\\\s0.02\\\\s32\\\\\\\\s1.5\\\\\\\\s0.02\\\\s32\\\\\\\\s1.5\\\\\\\\s0.02\\s1\\\\smy_NAND_1\\\\s33\\\\\\\\s1.5\\\\\\\\s0.02\\\\s0\\\\\\\\s0\\\\\\\\s40\\\\\\\\s5\\\\\\\\s0\\\\\\\\s0\\\\\\\\s0.5\\\\s33\\\\\\\\s1.5\\\\\\\\s0.02\\\\s32\\\\\\\\s1.5\\\\\\\\s0.02\\\\s32\\\\\\\\s1.5\\\\\\\\s0.02\s1\\s半加器\\s1\\\\smy_NAND_1\\\\s33\\\\\\\\s1.5\\\\\\\\s0.02\\\\s0\\\\\\\\s0\\\\\\\\s40\\\\\\\\s5\\\\\\\\s0\\\\\\\\s0\\\\\\\\s0.5\\\\s33\\\\\\\\s1.5\\\\\\\\s0.02\\\\s32\\\\\\\\s1.5\\\\\\\\s0.02\\\\s32\\\\\\\\s1.5\\\\\\\\s0.02\\s1\\\\smy_NAND_1\\\\s33\\\\\\\\s1.5\\\\\\\\s0.02\\\\s0\\\\\\\\s0\\\\\\\\s40\\\\\\\\s5\\\\\\\\s0\\\\\\\\s0\\\\\\\\s0.5\\\\s33\\\\\\\\s1.5\\\\\\\\s0.02\\\\s32\\\\\\\\s1.5\\\\\\\\s0.02\\\\s32\\\\\\\\s1.5\\\\\\\\s0.02\\s1\\\\smy_NAND_1\\\\s33\\\\\\\\s1.5\\\\\\\\s0.02\\\\s0\\\\\\\\s0\\\\\\\\s40\\\\\\\\s5\\\\\\\\s0\\\\\\\\s0\\\\\\\\s0.5\\\\s33\\\\\\\\s1.5\\\\\\\\s0.02\\\\s32\\\\\\\\s1.5\\\\\\\\s0.02\\\\s32\\\\\\\\s1.5\\\\\\\\s0.02\\s1\\\\smy_NAND_1\\\\s33\\\\\\\\s1.5\\\\\\\\s0.02\\\\s0\\\\\\\\s0\\\\\\\\s40\\\\\\\\s5\\\\\\\\s0\\\\\\\\s0\\\\\\\\s0.5\\\\s33\\\\\\\\s1.5\\\\\\\\s0.02\\\\s32\\\\\\\\s1.5\\\\\\\\s0.02\\\\s32\\\\\\\\s1.5\\\\\\\\s0.02\\s1\\\\smy_NAND_1\\\\s33\\\\\\\\s1.5\\\\\\\\s0.02\\\\s0\\\\\\\\s0\\\\\\\\s40\\\\\\\\s5\\\\\\\\s0\\\\\\\\s0\\\\\\\\s0.5\\\\s33\\\\\\\\s1.5\\\\\\\\s0.02\\\\s32\\\\\\\\s1.5\\\\\\\\s0.02\\\\s32\\\\\\\\s1.5\\\\\\\\s0.02\\s1\\\\smy_NAND_1\\\\s33\\\\\\\\s1.5\\\\\\\\s0.02\\\\s0\\\\\\\\s0\\\\\\\\s40\\\\\\\\s5\\\\\\\\s0\\\\\\\\s0\\\\\\\\s0.5\\\\s33\\\\\\\\s1.5\\\\\\\\s0.02\\\\s32\\\\\\\\s1.5\\\\\\\\s0.02\\\\s32\\\\\\\\s1.5\\\\\\\\s0.02\\s1\\\\smy_NAND_1\\\\s33\\\\\\\\s1.5\\\\\\\\s0.02\\\\s0\\\\\\\\s0\\\\\\\\s40\\\\\\\\s5\\\\\\\\s0\\\\\\\\s0\\\\\\\\s0.5\\\\s33\\\\\\\\s1.5\\\\\\\\s0.02\\\\s32\\\\\\\\s1.5\\\\\\\\s0.02\\\\s32\\\\\\\\s1.5\\\\\\\\s0.02\s0\\s2\\s0\\s5 0\s2\s0\s5 1\s半加器\s1\\smy_NAND_1\\s33\\\\s1.5\\\\s0.02\\s0\\\\s0\\\\s40\\\\s5\\\\s0\\\\s0\\\\s0.5\\s33\\\\s1.5\\\\s0.02\\s32\\\\s1.5\\\\s0.02\\s32\\\\s1.5\\\\s0.02\s1\\smy_NAND_1\\s33\\\\s1.5\\\\s0.02\\s0\\\\s0\\\\s40\\\\s5\\\\s0\\\\s0\\\\s0.5\\s33\\\\s1.5\\\\s0.02\\s32\\\\s1.5\\\\s0.02\\s32\\\\s1.5\\\\s0.02\s1\\smy_NAND_1\\s33\\\\s1.5\\\\s0.02\\s0\\\\s0\\\\s40\\\\s5\\\\s0\\\\s0\\\\s0.5\\s33\\\\s1.5\\\\s0.02\\s32\\\\s1.5\\\\s0.02\\s32\\\\s1.5\\\\s0.02\s1\\smy_NAND_1\\s33\\\\s1.5\\\\s0.02\\s0\\\\s0\\\\s40\\\\s5\\\\s0\\\\s0\\\\s0.5\\s33\\\\s1.5\\\\s0.02\\s32\\\\s1.5\\\\s0.02\\s32\\\\s1.5\\\\s0.02\s1\\smy_NAND_1\\s33\\\\s1.5\\\\s0.02\\s0\\\\s0\\\\s40\\\\s5\\\\s0\\\\s0\\\\s0.5\\s33\\\\s1.5\\\\s0.02\\s32\\\\s1.5\\\\s0.02\\s32\\\\s1.5\\\\s0.02\s1\\smy_NAND_1\\s33\\\\s1.5\\\\s0.02\\s0\\\\s0\\\\s40\\\\s5\\\\s0\\\\s0\\\\s0.5\\s33\\\\s1.5\\\\s0.02\\s32\\\\s1.5\\\\s0.02\\s32\\\\s1.5\\\\s0.02\s1\\smy_NAND_1\\s33\\\\s1.5\\\\s0.02\\s0\\\\s0\\\\s40\\\\s5\\\\s0\\\\s0\\\\s0.5\\s33\\\\s1.5\\\\s0.02\\s32\\\\s1.5\\\\s0.02\\s32\\\\s1.5\\\\s0.02 0\s2\s0\s5 1\s全加器\s1\\s半加器\\s1\\\\smy_NAND_1\\\\s33\\\\\\\\s1.5\\\\\\\\s0.02\\\\s0\\\\\\\\s0\\\\\\\\s40\\\\\\\\s5\\\\\\\\s0\\\\\\\\s0\\\\\\\\s0.5\\\\s33\\\\\\\\s1.5\\\\\\\\s0.02\\\\s32\\\\\\\\s1.5\\\\\\\\s0.02\\\\s32\\\\\\\\s1.5\\\\\\\\s0.02\\s1\\\\smy_NAND_1\\\\s33\\\\\\\\s1.5\\\\\\\\s0.02\\\\s0\\\\\\\\s0\\\\\\\\s40\\\\\\\\s5\\\\\\\\s0\\\\\\\\s0\\\\\\\\s0.5\\\\s33\\\\\\\\s1.5\\\\\\\\s0.02\\\\s32\\\\\\\\s1.5\\\\\\\\s0.02\\\\s32\\\\\\\\s1.5\\\\\\\\s0.02\\s1\\\\smy_NAND_1\\\\s33\\\\\\\\s1.5\\\\\\\\s0.02\\\\s0\\\\\\\\s0\\\\\\\\s40\\\\\\\\s5\\\\\\\\s0\\\\\\\\s0\\\\\\\\s0.5\\\\s33\\\\\\\\s1.5\\\\\\\\s0.02\\\\s32\\\\\\\\s1.5\\\\\\\\s0.02\\\\s32\\\\\\\\s1.5\\\\\\\\s0.02\\s1\\\\smy_NAND_1\\\\s33\\\\\\\\s1.5\\\\\\\\s0.02\\\\s0\\\\\\\\s0\\\\\\\\s40\\\\\\\\s5\\\\\\\\s0\\\\\\\\s0\\\\\\\\s0.5\\\\s33\\\\\\\\s1.5\\\\\\\\s0.02\\\\s32\\\\\\\\s1.5\\\\\\\\s0.02\\\\s32\\\\\\\\s1.5\\\\\\\\s0.02\\s1\\\\smy_NAND_1\\\\s33\\\\\\\\s1.5\\\\\\\\s0.02\\\\s0\\\\\\\\s0\\\\\\\\s40\\\\\\\\s5\\\\\\\\s0\\\\\\\\s0\\\\\\\\s0.5\\\\s33\\\\\\\\s1.5\\\\\\\\s0.02\\\\s32\\\\\\\\s1.5\\\\\\\\s0.02\\\\s32\\\\\\\\s1.5\\\\\\\\s0.02\\s1\\\\smy_NAND_1\\\\s33\\\\\\\\s1.5\\\\\\\\s0.02\\\\s0\\\\\\\\s0\\\\\\\\s40\\\\\\\\s5\\\\\\\\s0\\\\\\\\s0\\\\\\\\s0.5\\\\s33\\\\\\\\s1.5\\\\\\\\s0.02\\\\s32\\\\\\\\s1.5\\\\\\\\s0.02\\\\s32\\\\\\\\s1.5\\\\\\\\s0.02\\s1\\\\smy_NAND_1\\\\s33\\\\\\\\s1.5\\\\\\\\s0.02\\\\s0\\\\\\\\s0\\\\\\\\s40\\\\\\\\s5\\\\\\\\s0\\\\\\\\s0\\\\\\\\s0.5\\\\s33\\\\\\\\s1.5\\\\\\\\s0.02\\\\s32\\\\\\\\s1.5\\\\\\\\s0.02\\\\s32\\\\\\\\s1.5\\\\\\\\s0.02\s1\\s半加器\\s1\\\\smy_NAND_1\\\\s33\\\\\\\\s1.5\\\\\\\\s0.02\\\\s0\\\\\\\\s0\\\\\\\\s40\\\\\\\\s5\\\\\\\\s0\\\\\\\\s0\\\\\\\\s0.5\\\\s33\\\\\\\\s1.5\\\\\\\\s0.02\\\\s32\\\\\\\\s1.5\\\\\\\\s0.02\\\\s32\\\\\\\\s1.5\\\\\\\\s0.02\\s1\\\\smy_NAND_1\\\\s33\\\\\\\\s1.5\\\\\\\\s0.02\\\\s0\\\\\\\\s0\\\\\\\\s40\\\\\\\\s5\\\\\\\\s0\\\\\\\\s0\\\\\\\\s0.5\\\\s33\\\\\\\\s1.5\\\\\\\\s0.02\\\\s32\\\\\\\\s1.5\\\\\\\\s0.02\\\\s32\\\\\\\\s1.5\\\\\\\\s0.02\\s1\\\\smy_NAND_1\\\\s33\\\\\\\\s1.5\\\\\\\\s0.02\\\\s0\\\\\\\\s0\\\\\\\\s40\\\\\\\\s5\\\\\\\\s0\\\\\\\\s0\\\\\\\\s0.5\\\\s33\\\\\\\\s1.5\\\\\\\\s0.02\\\\s32\\\\\\\\s1.5\\\\\\\\s0.02\\\\s32\\\\\\\\s1.5\\\\\\\\s0.02\\s1\\\\smy_NAND_1\\\\s33\\\\\\\\s1.5\\\\\\\\s0.02\\\\s0\\\\\\\\s0\\\\\\\\s40\\\\\\\\s5\\\\\\\\s0\\\\\\\\s0\\\\\\\\s0.5\\\\s33\\\\\\\\s1.5\\\\\\\\s0.02\\\\s32\\\\\\\\s1.5\\\\\\\\s0.02\\\\s32\\\\\\\\s1.5\\\\\\\\s0.02\\s1\\\\smy_NAND_1\\\\s33\\\\\\\\s1.5\\\\\\\\s0.02\\\\s0\\\\\\\\s0\\\\\\\\s40\\\\\\\\s5\\\\\\\\s0\\\\\\\\s0\\\\\\\\s0.5\\\\s33\\\\\\\\s1.5\\\\\\\\s0.02\\\\s32\\\\\\\\s1.5\\\\\\\\s0.02\\\\s32\\\\\\\\s1.5\\\\\\\\s0.02\\s1\\\\smy_NAND_1\\\\s33\\\\\\\\s1.5\\\\\\\\s0.02\\\\s0\\\\\\\\s0\\\\\\\\s40\\\\\\\\s5\\\\\\\\s0\\\\\\\\s0\\\\\\\\s0.5\\\\s33\\\\\\\\s1.5\\\\\\\\s0.02\\\\s32\\\\\\\\s1.5\\\\\\\\s0.02\\\\s32\\\\\\\\s1.5\\\\\\\\s0.02\\s1\\\\smy_NAND_1\\\\s33\\\\\\\\s1.5\\\\\\\\s0.02\\\\s0\\\\\\\\s0\\\\\\\\s40\\\\\\\\s5\\\\\\\\s0\\\\\\\\s0\\\\\\\\s0.5\\\\s33\\\\\\\\s1.5\\\\\\\\s0.02\\\\s32\\\\\\\\s1.5\\\\\\\\s0.02\\\\s32\\\\\\\\s1.5\\\\\\\\s0.02\s0\\s2\\s0\\s5 0\s2\s0\s5 1\s全加器\s1\\s半加器\\s1\\\\smy_NAND_1\\\\s33\\\\\\\\s1.5\\\\\\\\s0.02\\\\s0\\\\\\\\s0\\\\\\\\s40\\\\\\\\s5\\\\\\\\s0\\\\\\\\s0\\\\\\\\s0.5\\\\s33\\\\\\\\s1.5\\\\\\\\s0.02\\\\s32\\\\\\\\s1.5\\\\\\\\s0.02\\\\s32\\\\\\\\s1.5\\\\\\\\s0.02\\s1\\\\smy_NAND_1\\\\s33\\\\\\\\s1.5\\\\\\\\s0.02\\\\s0\\\\\\\\s0\\\\\\\\s40\\\\\\\\s5\\\\\\\\s0\\\\\\\\s0\\\\\\\\s0.5\\\\s33\\\\\\\\s1.5\\\\\\\\s0.02\\\\s32\\\\\\\\s1.5\\\\\\\\s0.02\\\\s32\\\\\\\\s1.5\\\\\\\\s0.02\\s1\\\\smy_NAND_1\\\\s33\\\\\\\\s1.5\\\\\\\\s0.02\\\\s0\\\\\\\\s0\\\\\\\\s40\\\\\\\\s5\\\\\\\\s0\\\\\\\\s0\\\\\\\\s0.5\\\\s33\\\\\\\\s1.5\\\\\\\\s0.02\\\\s32\\\\\\\\s1.5\\\\\\\\s0.02\\\\s32\\\\\\\\s1.5\\\\\\\\s0.02\\s1\\\\smy_NAND_1\\\\s33\\\\\\\\s1.5\\\\\\\\s0.02\\\\s0\\\\\\\\s0\\\\\\\\s40\\\\\\\\s5\\\\\\\\s0\\\\\\\\s0\\\\\\\\s0.5\\\\s33\\\\\\\\s1.5\\\\\\\\s0.02\\\\s32\\\\\\\\s1.5\\\\\\\\s0.02\\\\s32\\\\\\\\s1.5\\\\\\\\s0.02\\s1\\\\smy_NAND_1\\\\s33\\\\\\\\s1.5\\\\\\\\s0.02\\\\s0\\\\\\\\s0\\\\\\\\s40\\\\\\\\s5\\\\\\\\s0\\\\\\\\s0\\\\\\\\s0.5\\\\s33\\\\\\\\s1.5\\\\\\\\s0.02\\\\s32\\\\\\\\s1.5\\\\\\\\s0.02\\\\s32\\\\\\\\s1.5\\\\\\\\s0.02\\s1\\\\smy_NAND_1\\\\s33\\\\\\\\s1.5\\\\\\\\s0.02\\\\s0\\\\\\\\s0\\\\\\\\s40\\\\\\\\s5\\\\\\\\s0\\\\\\\\s0\\\\\\\\s0.5\\\\s33\\\\\\\\s1.5\\\\\\\\s0.02\\\\s32\\\\\\\\s1.5\\\\\\\\s0.02\\\\s32\\\\\\\\s1.5\\\\\\\\s0.02\\s1\\\\smy_NAND_1\\\\s33\\\\\\\\s1.5\\\\\\\\s0.02\\\\s0\\\\\\\\s0\\\\\\\\s40\\\\\\\\s5\\\\\\\\s0\\\\\\\\s0\\\\\\\\s0.5\\\\s33\\\\\\\\s1.5\\\\\\\\s0.02\\\\s32\\\\\\\\s1.5\\\\\\\\s0.02\\\\s32\\\\\\\\s1.5\\\\\\\\s0.02\s1\\s半加器\\s1\\\\smy_NAND_1\\\\s33\\\\\\\\s1.5\\\\\\\\s0.02\\\\s0\\\\\\\\s0\\\\\\\\s40\\\\\\\\s5\\\\\\\\s0\\\\\\\\s0\\\\\\\\s0.5\\\\s33\\\\\\\\s1.5\\\\\\\\s0.02\\\\s32\\\\\\\\s1.5\\\\\\\\s0.02\\\\s32\\\\\\\\s1.5\\\\\\\\s0.02\\s1\\\\smy_NAND_1\\\\s33\\\\\\\\s1.5\\\\\\\\s0.02\\\\s0\\\\\\\\s0\\\\\\\\s40\\\\\\\\s5\\\\\\\\s0\\\\\\\\s0\\\\\\\\s0.5\\\\s33\\\\\\\\s1.5\\\\\\\\s0.02\\\\s32\\\\\\\\s1.5\\\\\\\\s0.02\\\\s32\\\\\\\\s1.5\\\\\\\\s0.02\\s1\\\\smy_NAND_1\\\\s33\\\\\\\\s1.5\\\\\\\\s0.02\\\\s0\\\\\\\\s0\\\\\\\\s40\\\\\\\\s5\\\\\\\\s0\\\\\\\\s0\\\\\\\\s0.5\\\\s33\\\\\\\\s1.5\\\\\\\\s0.02\\\\s32\\\\\\\\s1.5\\\\\\\\s0.02\\\\s32\\\\\\\\s1.5\\\\\\\\s0.02\\s1\\\\smy_NAND_1\\\\s33\\\\\\\\s1.5\\\\\\\\s0.02\\\\s0\\\\\\\\s0\\\\\\\\s40\\\\\\\\s5\\\\\\\\s0\\\\\\\\s0\\\\\\\\s0.5\\\\s33\\\\\\\\s1.5\\\\\\\\s0.02\\\\s32\\\\\\\\s1.5\\\\\\\\s0.02\\\\s32\\\\\\\\s1.5\\\\\\\\s0.02\\s1\\\\smy_NAND_1\\\\s33\\\\\\\\s1.5\\\\\\\\s0.02\\\\s0\\\\\\\\s0\\\\\\\\s40\\\\\\\\s5\\\\\\\\s0\\\\\\\\s0\\\\\\\\s0.5\\\\s33\\\\\\\\s1.5\\\\\\\\s0.02\\\\s32\\\\\\\\s1.5\\\\\\\\s0.02\\\\s32\\\\\\\\s1.5\\\\\\\\s0.02\\s1\\\\smy_NAND_1\\\\s33\\\\\\\\s1.5\\\\\\\\s0.02\\\\s0\\\\\\\\s0\\\\\\\\s40\\\\\\\\s5\\\\\\\\s0\\\\\\\\s0\\\\\\\\s0.5\\\\s33\\\\\\\\s1.5\\\\\\\\s0.02\\\\s32\\\\\\\\s1.5\\\\\\\\s0.02\\\\s32\\\\\\\\s1.5\\\\\\\\s0.02\\s1\\\\smy_NAND_1\\\\s33\\\\\\\\s1.5\\\\\\\\s0.02\\\\s0\\\\\\\\s0\\\\\\\\s40\\\\\\\\s5\\\\\\\\s0\\\\\\\\s0\\\\\\\\s0.5\\\\s33\\\\\\\\s1.5\\\\\\\\s0.02\\\\s32\\\\\\\\s1.5\\\\\\\\s0.02\\\\s32\\\\\\\\s1.5\\\\\\\\s0.02\s0\\s2\\s0\\s5 0\s2\s0\s5 1\s全加器\s1\\s半加器\\s1\\\\smy_NAND_1\\\\s33\\\\\\\\s1.5\\\\\\\\s0.02\\\\s0\\\\\\\\s0\\\\\\\\s40\\\\\\\\s5\\\\\\\\s0\\\\\\\\s0\\\\\\\\s0.5\\\\s33\\\\\\\\s1.5\\\\\\\\s0.02\\\\s32\\\\\\\\s1.5\\\\\\\\s0.02\\\\s32\\\\\\\\s1.5\\\\\\\\s0.02\\s1\\\\smy_NAND_1\\\\s33\\\\\\\\s1.5\\\\\\\\s0.02\\\\s0\\\\\\\\s0\\\\\\\\s40\\\\\\\\s5\\\\\\\\s0\\\\\\\\s0\\\\\\\\s0.5\\\\s33\\\\\\\\s1.5\\\\\\\\s0.02\\\\s32\\\\\\\\s1.5\\\\\\\\s0.02\\\\s32\\\\\\\\s1.5\\\\\\\\s0.02\\s1\\\\smy_NAND_1\\\\s33\\\\\\\\s1.5\\\\\\\\s0.02\\\\s0\\\\\\\\s0\\\\\\\\s40\\\\\\\\s5\\\\\\\\s0\\\\\\\\s0\\\\\\\\s0.5\\\\s33\\\\\\\\s1.5\\\\\\\\s0.02\\\\s32\\\\\\\\s1.5\\\\\\\\s0.02\\\\s32\\\\\\\\s1.5\\\\\\\\s0.02\\s1\\\\smy_NAND_1\\\\s33\\\\\\\\s1.5\\\\\\\\s0.02\\\\s0\\\\\\\\s0\\\\\\\\s40\\\\\\\\s5\\\\\\\\s0\\\\\\\\s0\\\\\\\\s0.5\\\\s33\\\\\\\\s1.5\\\\\\\\s0.02\\\\s32\\\\\\\\s1.5\\\\\\\\s0.02\\\\s32\\\\\\\\s1.5\\\\\\\\s0.02\\s1\\\\smy_NAND_1\\\\s33\\\\\\\\s1.5\\\\\\\\s0.02\\\\s0\\\\\\\\s0\\\\\\\\s40\\\\\\\\s5\\\\\\\\s0\\\\\\\\s0\\\\\\\\s0.5\\\\s33\\\\\\\\s1.5\\\\\\\\s0.02\\\\s32\\\\\\\\s1.5\\\\\\\\s0.02\\\\s32\\\\\\\\s1.5\\\\\\\\s0.02\\s1\\\\smy_NAND_1\\\\s33\\\\\\\\s1.5\\\\\\\\s0.02\\\\s0\\\\\\\\s0\\\\\\\\s40\\\\\\\\s5\\\\\\\\s0\\\\\\\\s0\\\\\\\\s0.5\\\\s33\\\\\\\\s1.5\\\\\\\\s0.02\\\\s32\\\\\\\\s1.5\\\\\\\\s0.02\\\\s32\\\\\\\\s1.5\\\\\\\\s0.02\\s1\\\\smy_NAND_1\\\\s33\\\\\\\\s1.5\\\\\\\\s0.02\\\\s0\\\\\\\\s0\\\\\\\\s40\\\\\\\\s5\\\\\\\\s0\\\\\\\\s0\\\\\\\\s0.5\\\\s33\\\\\\\\s1.5\\\\\\\\s0.02\\\\s32\\\\\\\\s1.5\\\\\\\\s0.02\\\\s32\\\\\\\\s1.5\\\\\\\\s0.02\s1\\s半加器\\s1\\\\smy_NAND_1\\\\s33\\\\\\\\s1.5\\\\\\\\s0.02\\\\s0\\\\\\\\s0\\\\\\\\s40\\\\\\\\s5\\\\\\\\s0\\\\\\\\s0\\\\\\\\s0.5\\\\s33\\\\\\\\s1.5\\\\\\\\s0.02\\\\s32\\\\\\\\s1.5\\\\\\\\s0.02\\\\s32\\\\\\\\s1.5\\\\\\\\s0.02\\s1\\\\smy_NAND_1\\\\s33\\\\\\\\s1.5\\\\\\\\s0.02\\\\s0\\\\\\\\s0\\\\\\\\s40\\\\\\\\s5\\\\\\\\s0\\\\\\\\s0\\\\\\\\s0.5\\\\s33\\\\\\\\s1.5\\\\\\\\s0.02\\\\s32\\\\\\\\s1.5\\\\\\\\s0.02\\\\s32\\\\\\\\s1.5\\\\\\\\s0.02\\s1\\\\smy_NAND_1\\\\s33\\\\\\\\s1.5\\\\\\\\s0.02\\\\s0\\\\\\\\s0\\\\\\\\s40\\\\\\\\s5\\\\\\\\s0\\\\\\\\s0\\\\\\\\s0.5\\\\s33\\\\\\\\s1.5\\\\\\\\s0.02\\\\s32\\\\\\\\s1.5\\\\\\\\s0.02\\\\s32\\\\\\\\s1.5\\\\\\\\s0.02\\s1\\\\smy_NAND_1\\\\s33\\\\\\\\s1.5\\\\\\\\s0.02\\\\s0\\\\\\\\s0\\\\\\\\s40\\\\\\\\s5\\\\\\\\s0\\\\\\\\s0\\\\\\\\s0.5\\\\s33\\\\\\\\s1.5\\\\\\\\s0.02\\\\s32\\\\\\\\s1.5\\\\\\\\s0.02\\\\s32\\\\\\\\s1.5\\\\\\\\s0.02\\s1\\\\smy_NAND_1\\\\s33\\\\\\\\s1.5\\\\\\\\s0.02\\\\s0\\\\\\\\s0\\\\\\\\s40\\\\\\\\s5\\\\\\\\s0\\\\\\\\s0\\\\\\\\s0.5\\\\s33\\\\\\\\s1.5\\\\\\\\s0.02\\\\s32\\\\\\\\s1.5\\\\\\\\s0.02\\\\s32\\\\\\\\s1.5\\\\\\\\s0.02\\s1\\\\smy_NAND_1\\\\s33\\\\\\\\s1.5\\\\\\\\s0.02\\\\s0\\\\\\\\s0\\\\\\\\s40\\\\\\\\s5\\\\\\\\s0\\\\\\\\s0\\\\\\\\s0.5\\\\s33\\\\\\\\s1.5\\\\\\\\s0.02\\\\s32\\\\\\\\s1.5\\\\\\\\s0.02\\\\s32\\\\\\\\s1.5\\\\\\\\s0.02\\s1\\\\smy_NAND_1\\\\s33\\\\\\\\s1.5\\\\\\\\s0.02\\\\s0\\\\\\\\s0\\\\\\\\s40\\\\\\\\s5\\\\\\\\s0\\\\\\\\s0\\\\\\\\s0.5\\\\s33\\\\\\\\s1.5\\\\\\\\s0.02\\\\s32\\\\\\\\s1.5\\\\\\\\s0.02\\\\s32\\\\\\\\s1.5\\\\\\\\s0.02\s0\\s2\\s0\\s5
155 504 984 520 984 0 0
w 472 984 504 984 0
w 472 952 632 952 0
155 632 952 648 952 0 0
207 504 1016 504 1072 4 clock
207 632 984 632 1040 4 clock
207 760 952 760 1008 4 clock
155 760 920 768 920 0 0
w 472 920 760 920 0
w 472 888 888 888 0
155 888 888 896 888 0 0
207 888 920 888 976 4 clock
w 472 856 1016 856 0
155 1016 856 1024 856 0 0
207 1016 888 1016 944 4 clock
w 472 824 1144 824 0
155 1144 824 1152 824 0 0
207 1144 856 1144 912 4 clock
w 472 792 1272 792 0
155 1272 792 1280 792 0 0
207 1272 824 1272 880 4 clock
w 472 760 1400 760 0
155 1400 760 1408 760 0 0
207 1400 792 1400 848 4 clock
w 608 984 608 1440 0
w 376 952 352 952 0
w 1504 760 1504 1272 0
w 1504 1272 352 1272 0
w 352 952 352 1272 0
w 376 984 328 984 0
w 328 984 328 1296 0
w 1376 792 1376 1296 0
w 328 1296 1376 1296 0
w 304 1016 376 1016 0
w 304 1016 304 1320 0
w 304 1320 1248 1320 0
w 1248 824 1248 1320 0
w 280 1048 376 1048 0
w 280 1048 280 1344 0
w 280 1344 1120 1344 0
w 1120 856 1120 1344 0
w 992 888 992 1368 0
w 256 1368 992 1368 0
w 376 1080 256 1080 0
w 256 1080 256 1368 0
w 232 1112 376 1112 0
w 232 1112 232 1392 0
w 232 1392 864 1392 0
w 864 920 864 1392 0
w 208 1144 376 1144 0
w 208 1144 208 1416 0
w 208 1416 736 1416 0
w 736 952 736 1416 0
w 184 1176 376 1176 0
w 184 1176 184 1440 0
w 184 1440 608 1440 0
207 1504 1272 1592 1272 4 c7
w 728 952 736 952 0
w 856 920 864 920 0
w 984 888 992 888 0
w 1112 856 1120 856 0
w 1240 824 1248 824 0
w 1368 792 1376 792 0
w 1496 760 1504 760 0
w 600 984 608 984 0
207 216 920 120 920 4 a0
207 216 888 120 888 4 a1
207 216 856 120 856 4 a2
207 216 824 120 824 4 a3
207 216 792 120 792 4 b0
207 216 760 120 760 4 b1
207 216 728 120 728 4 b2
207 216 696 120 696 4 b3
g 376 1208 376 1240 0 0
207 1376 1296 1592 1296 4 c6
207 1248 1320 1592 1320 4 c5
207 1120 1344 1592 1344 4 c4
207 992 1368 1592 1368 4 c3
207 864 1392 1592 1392 4 c2
207 736 1416 1592 1416 4 c1
207 608 1440 1592 1440 4 c0
