$ 0 0.000005 10.20027730826997 50 5 43 5e-11
a 592 256 720 256 8 15 -15 1000000 0.8259640415955 0 100000
g 592 400 592 416 0 0
R 512 208 464 208 0 1 40 6 0 0 0.5
R 512 240 432 240 0 1 40 6 0 1.5707963267948966 0.5
r 512 240 592 240 0 2860
r 512 208 592 208 0 5000
w 592 208 592 240 0
w 720 208 720 256 0
r 592 208 720 208 0 10000
a 592 384 720 384 8 15 -15 1000000 -5.992795841347487 0 100000
R 512 368 464 368 0 1 40 6 0 -1.5707963267948966 0.5
r 512 368 592 368 0 20000
w 720 336 720 384 0
w 512 336 512 368 0
r 512 336 720 336 0 10000
a 816 272 944 272 8 15 -15 1000000 5.166676799436365e-9 0 100000
r 720 256 784 256 0 10000
w 784 336 784 256 0
r 720 336 784 336 0 10000
g 592 272 592 288 0 0
g 816 288 816 304 0 0
w 784 256 816 256 0
r 816 224 944 224 0 10000
w 816 224 816 256 0
w 944 224 944 272 0
403 240 256 400 336 0 3_64_0_4098_10_0.1_-1_1
w 944 272 992 272 0
403 960 304 1120 384 0 26_64_0_4098_20_0.1_-1_1
